tileTZ3,288,384,448,192,64,64,0,0,0,0
tileTZ3,608,384,448,192,64,64,0,0.5,0.5,4294967295
tileTZ3,672,384,448,192,64,64,0,0.5,0.5,4294967295
tileTZ3,384,416,448,192,64,64,0,0.5,0.5,4294967295
tileTZ3,32,448,448,192,64,64,0,0.5,0.5,4294967295
tileTZ3,64,480,448,192,64,64,0,0.5,0.5,4294967295
tileTZ3,448,128,448,192,64,64,0,1,1,4294967295
tileTZ3,0,448,128,64,64,64,0,1,1,4294967295
tileTZ3,64,448,192,64,64,64,0,1,1,4294967295
tileTZ3,128,448,192,64,64,64,0,1,1,4294967295
tileTZ3,192,448,192,64,64,64,0,1,1,4294967295
tileTZ3,256,448,192,64,64,64,0,1,1,4294967295
tileTZ3,320,448,192,64,64,64,0,1,1,4294967295
tileTZ3,384,448,192,64,64,64,0,1,1,4294967295
tileTZ3,448,448,192,64,64,64,0,1,1,4294967295
tileTZ3,512,448,192,64,64,64,0,1,1,4294967295
tileTZ3,576,448,192,64,64,64,0,1,1,4294967295
tileTZ3,640,448,192,64,64,64,0,1,1,4294967295
tileTZ3,704,448,192,64,64,64,0,1,1,4294967295
tileTZ3,768,448,192,64,64,64,0,1,1,4294967295
tileTZ3,832,448,192,64,64,64,0,1,1,4294967295
tileTZ3,896,448,192,64,64,64,0,1,1,4294967295
tileTZ3,960,448,192,64,64,64,0,1,1,4294967295
tileTZ3,1024,448,192,64,64,64,0,1,1,4294967295
tileTZ3,1088,448,192,64,64,64,0,1,1,4294967295
tileTZ3,1152,448,192,64,64,64,0,1,1,4294967295
tileTZ3,1216,448,192,64,64,64,0,1,1,4294967295
tileTZ3,1280,448,192,64,64,64,0,1,1,4294967295
tileTZ3,1344,448,192,64,64,64,0,1,1,4294967295
tileTZ3,1408,448,192,64,64,64,0,1,1,4294967295
tileTZ3,1472,448,192,64,64,64,0,1,1,4294967295
tileTZ3,1536,448,192,64,64,64,0,1,1,4294967295
tileTZ3,1600,448,192,64,64,64,0,1,1,4294967295
tileTZ3,1664,448,192,64,64,64,0,1,1,4294967295
tileTZ3,1728,448,192,64,64,64,0,1,1,4294967295
tileTZ3,1792,448,192,64,64,64,0,1,1,4294967295
tileTZ3,1856,448,192,64,64,64,0,1,1,4294967295
tileTZ3,1920,448,192,64,64,64,0,1,1,4294967295
tileTZ3,1984,448,192,64,64,64,0,1,1,4294967295
tileTZ3,2048,448,192,64,64,64,0,1,1,4294967295
tileTZ3,2112,448,192,64,64,64,0,1,1,4294967295
tileTZ3,2176,448,192,64,64,64,0,1,1,4294967295
tileTZ3,2240,448,192,64,64,64,0,1,1,4294967295
tileTZ3,2304,448,192,64,64,64,0,1,1,4294967295
tileTZ3,2368,448,192,64,64,64,0,1,1,4294967295
tileTZ3,2432,448,192,64,64,64,0,1,1,4294967295
tileTZ3,2496,448,192,64,64,64,0,1,1,4294967295
tileTZ3,2560,448,192,64,64,64,0,1,1,4294967295
tileTZ3,2624,448,192,64,64,64,0,1,1,4294967295
tileTZ3,2688,448,192,64,64,64,0,1,1,4294967295
tileTZ3,2752,448,192,64,64,64,0,1,1,4294967295
tileTZ3,2816,448,192,64,64,64,0,1,1,4294967295
tileTZ3,2880,448,192,64,64,64,0,1,1,4294967295
tileTZ3,2944,448,192,64,64,64,0,1,1,4294967295
tileTZ3,3008,448,192,64,64,64,0,1,1,4294967295
tileTZ3,3072,448,192,64,64,64,0,1,1,4294967295
tileTZ3,3136,448,192,64,64,64,0,1,1,4294967295
tileTZ3,3200,448,192,64,64,64,0,1,1,4294967295
tileTZ3,3264,448,192,64,64,64,0,1,1,4294967295
tileTZ3,3328,448,192,64,64,64,0,1,1,4294967295
tileTZ3,3392,448,192,64,64,64,0,1,1,4294967295
tileTZ3,3456,448,192,64,64,64,0,1,1,4294967295
tileTZ3,3520,448,256,64,64,64,0,1,1,4294967295
tileTZ3,0,512,128,128,64,64,0,1,1,4294967295
tileTZ3,64,512,192,128,64,64,0,1,1,4294967295
tileTZ3,128,512,192,128,64,64,0,1,1,4294967295
tileTZ3,192,512,192,128,64,64,0,1,1,4294967295
tileTZ3,256,512,192,128,64,64,0,1,1,4294967295
tileTZ3,320,512,192,128,64,64,0,1,1,4294967295
tileTZ3,384,512,192,128,64,64,0,1,1,4294967295
tileTZ3,448,512,192,128,64,64,0,1,1,4294967295
tileTZ3,512,512,192,128,64,64,0,1,1,4294967295
tileTZ3,576,512,192,128,64,64,0,1,1,4294967295
tileTZ3,640,512,192,128,64,64,0,1,1,4294967295
tileTZ3,704,512,192,128,64,64,0,1,1,4294967295
tileTZ3,768,512,192,128,64,64,0,1,1,4294967295
tileTZ3,832,512,192,128,64,64,0,1,1,4294967295
tileTZ3,896,512,192,128,64,64,0,1,1,4294967295
tileTZ3,960,512,192,128,64,64,0,1,1,4294967295
tileTZ3,1024,512,192,128,64,64,0,1,1,4294967295
tileTZ3,1088,512,192,128,64,64,0,1,1,4294967295
tileTZ3,1152,512,192,128,64,64,0,1,1,4294967295
tileTZ3,1216,512,192,128,64,64,0,1,1,4294967295
tileTZ3,1280,512,192,128,64,64,0,1,1,4294967295
tileTZ3,1344,512,192,128,64,64,0,1,1,4294967295
tileTZ3,1408,512,192,128,64,64,0,1,1,4294967295
tileTZ3,1472,512,192,128,64,64,0,1,1,4294967295
tileTZ3,1536,512,192,128,64,64,0,1,1,4294967295
tileTZ3,1600,512,192,128,64,64,0,1,1,4294967295
tileTZ3,1664,512,192,128,64,64,0,1,1,4294967295
tileTZ3,1728,512,192,128,64,64,0,1,1,4294967295
tileTZ3,1792,512,192,128,64,64,0,1,1,4294967295
tileTZ3,1856,512,192,128,64,64,0,1,1,4294967295
tileTZ3,1920,512,192,128,64,64,0,1,1,4294967295
tileTZ3,1984,512,192,128,64,64,0,1,1,4294967295
tileTZ3,2048,512,192,128,64,64,0,1,1,4294967295
tileTZ3,2112,512,192,128,64,64,0,1,1,4294967295
tileTZ3,2176,512,192,128,64,64,0,1,1,4294967295
tileTZ3,2240,512,192,128,64,64,0,1,1,4294967295
tileTZ3,2304,512,192,128,64,64,0,1,1,4294967295
tileTZ3,2368,512,192,128,64,64,0,1,1,4294967295
tileTZ3,2432,512,192,128,64,64,0,1,1,4294967295
tileTZ3,2496,512,192,128,64,64,0,1,1,4294967295
tileTZ3,2560,512,192,128,64,64,0,1,1,4294967295
tileTZ3,2624,512,192,128,64,64,0,1,1,4294967295
tileTZ3,2688,512,192,128,64,64,0,1,1,4294967295
tileTZ3,2752,512,192,128,64,64,0,1,1,4294967295
tileTZ3,2816,512,192,128,64,64,0,1,1,4294967295
tileTZ3,2880,512,192,128,64,64,0,1,1,4294967295
tileTZ3,2944,512,192,128,64,64,0,1,1,4294967295
tileTZ3,3008,512,192,128,64,64,0,1,1,4294967295
tileTZ3,3072,512,192,128,64,64,0,1,1,4294967295
tileTZ3,3136,512,192,128,64,64,0,1,1,4294967295
tileTZ3,3200,512,192,128,64,64,0,1,1,4294967295
tileTZ3,3264,512,192,128,64,64,0,1,1,4294967295
tileTZ3,3328,512,192,128,64,64,0,1,1,4294967295
tileTZ3,3392,512,192,128,64,64,0,1,1,4294967295
tileTZ3,3456,512,192,128,64,64,0,1,1,4294967295
tileTZ3,3520,512,256,128,64,64,0,1,1,4294967295
tileTZ3,3648,448,192,256,256,128,0,1,1,4294967295
