objParallaxLayerAnimated,0,128,8D1B6650,0,1,1,4294967295,0,1
objPathCameraSensor,960,320,CC46F9BB,0,1,1,4294967295,0,1
objStartDialogueSensor,2816,384,6373209A,0,1,1,4294967295,0,1
objGoalRing,32,384,7FDC0A0B,0,1,1,4294967295,0,1
objSolidMask01,0,448,50EC29E7,0,32.5,2,4294967295,0,0
objPlayerSpawn,128,448,E5F02AB7,0,1,1,4294967295,0,0
objPlatformPathed,1440,416,4CA2B122,0,1,1,4294967295,0,1
objInstanceGroup,1536,352,63D56B15,0,1,1,4294967295,0,1
objRing,1472,384,92709C6E,0,1,1,4294967295,0,0
objRing,1504,384,95D96A0A,0,1,1,4294967295,0,0
objButtonSensor,256,384,A802A254,0,192,64,4294967295,0,1
objPlatformPathedInterpolated,256,320,35A12784,0,1,1,4294967295,0,1
objLockMovementSensor,896,320,E8C2AC0D,0,256,128,4294967295,0,1
objLockMovementSensor,2752,320,B36A3562,0,192,128,4294967295,0,1
