tileTZ,4832,1664,0,0,128,128,0,1,1,4294967295
tileTZ,4960,1664,0,0,128,128,0,1,1,4294967295
tileTZ,5088,1664,0,0,128,128,0,1,1,4294967295
tileTZ,5216,1664,0,0,128,128,0,1,1,4294967295
tileTZ,5344,1664,0,0,128,128,0,1,1,4294967295
tileTZ,5472,1664,0,0,128,128,0,1,1,4294967295
tileTZ,5600,1664,0,0,128,128,0,1,1,4294967295
tileTZ,5728,1664,0,0,128,128,0,1,1,4294967295
tileTZ,5856,1664,0,0,128,128,0,1,1,4294967295
tileTZ,5984,1664,0,0,128,128,0,1,1,4294967295
tileTZ,6112,1664,0,0,128,128,0,1,1,4294967295
tileTZ,6240,1664,0,0,128,128,0,1,1,4294967295
tileTZ,6368,1664,0,0,128,128,0,1,1,4294967295
tileTZ,6496,1664,0,0,128,128,0,1,1,4294967295
tileTZ,5632,1536,384,0,256,128,0,-1,1,4294967295
tileTZ,5632,1536,384,0,256,128,0,1,1,4294967295
tileTZ,6144,1536,384,0,256,128,0,-1,1,4294967295
tileTZ,6144,1536,384,0,256,128,0,1,1,4294967295
tileTZ,6752,1664,0,0,128,128,0,1,1,4294967295
tileTZ,6624,1664,0,0,128,128,0,1,1,4294967295
tileTZ,7776,1600,128,0,128,128,0,-1,1,4294967295
tileTZ,7648,1344,0,0,128,128,0,1,1,4294967295
tileTZ,7776,1344,0,0,128,128,0,1,1,4294967295
tileTZ,8288,1216,0,0,128,128,0,1,1,4294967295
tileTZ,8288,1088,0,0,128,128,0,1,1,4294967295
tileTZ,8416,1088,0,0,128,128,0,1,1,4294967295
tileTZ,8544,1088,0,0,128,128,0,1,1,4294967295
tileTZ,8672,1088,0,0,128,128,0,1,1,4294967295
tileTZ,8416,1216,0,0,128,128,0,1,1,4294967295
tileTZ,8544,1216,0,0,128,128,0,1,1,4294967295
tileTZ,8672,1216,0,0,128,128,0,1,1,4294967295
tileTZ,8672,1344,0,0,128,128,0,1,1,4294967295
tileTZ,8544,1344,0,0,128,128,0,1,1,4294967295
tileTZ,8416,1344,0,0,128,128,0,1,1,4294967295
tileTZ,8800,1088,0,0,128,128,0,1,1,4294967295
tileTZ,8928,1088,0,0,128,128,0,1,1,4294967295
tileTZ,9056,1088,0,0,128,128,0,1,1,4294967295
tileTZ,9184,1088,0,0,128,128,0,1,1,4294967295
tileTZ,9312,1088,0,0,128,128,0,1,1,4294967295
tileTZ,9440,1088,0,0,128,128,0,1,1,4294967295
tileTZ,9568,1088,0,0,128,128,0,1,1,4294967295
tileTZ,9696,1088,0,0,128,128,0,1,1,4294967295
tileTZ,9824,1088,0,0,128,128,0,1,1,4294967295
tileTZ,9952,1088,0,0,128,128,0,1,1,4294967295
tileTZ,10080,1088,0,0,128,128,0,1,1,4294967295
tileTZ,10208,1088,0,0,128,128,0,1,1,4294967295
tileTZ,10336,1088,0,0,128,128,0,1,1,4294967295
tileTZ,10464,1088,0,0,128,128,0,1,1,4294967295
tileTZ,10592,1088,0,0,128,128,0,1,1,4294967295
tileTZ,10720,1088,0,0,128,128,0,1,1,4294967295
tileTZ,10848,1088,0,0,128,128,0,1,1,4294967295
tileTZ,10976,1088,0,0,128,128,0,1,1,4294967295
tileTZ,8800,1216,0,0,128,128,0,1,1,4294967295
tileTZ,8928,1216,0,0,128,128,0,1,1,4294967295
tileTZ,9056,1216,0,0,128,128,0,1,1,4294967295
tileTZ,9184,1216,0,0,128,128,0,1,1,4294967295
tileTZ,9312,1216,0,0,128,128,0,1,1,4294967295
tileTZ,9440,1216,0,0,128,128,0,1,1,4294967295
tileTZ,9568,1216,0,0,128,128,0,1,1,4294967295
tileTZ,9696,1216,0,0,128,128,0,1,1,4294967295
tileTZ,9824,1216,0,0,128,128,0,1,1,4294967295
tileTZ,9952,1216,0,0,128,128,0,1,1,4294967295
tileTZ,10080,1216,0,0,128,128,0,1,1,4294967295
tileTZ,10208,1216,0,0,128,128,0,1,1,4294967295
tileTZ,10336,1216,0,0,128,128,0,1,1,4294967295
tileTZ,10464,1216,0,0,128,128,0,1,1,4294967295
tileTZ,10592,1216,0,0,128,128,0,1,1,4294967295
tileTZ,10720,1216,0,0,128,128,0,1,1,4294967295
tileTZ,10848,1216,0,0,128,128,0,1,1,4294967295
tileTZ,10976,1216,0,0,128,128,0,1,1,4294967295
tileTZ,11104,1216,0,0,128,128,0,1,1,4294967295
tileTZ,11232,1216,0,0,128,128,0,1,1,4294967295
tileTZ,8800,1344,0,0,128,128,0,1,1,4294967295
tileTZ,8928,1344,0,0,128,128,0,1,1,4294967295
tileTZ,9056,1344,0,0,128,128,0,1,1,4294967295
tileTZ,9184,1344,0,0,128,128,0,1,1,4294967295
tileTZ,11104,1088,0,0,128,128,0,1,1,4294967295
tileTZ,11232,1088,0,0,128,128,0,1,1,4294967295
tileTZ,3328,1920,0,0,128,128,0,1,1,4294967295
tileTZ,3456,1920,0,0,128,128,0,1,1,4294967295
tileTZ,3584,1920,0,0,128,128,0,1,1,4294967295
tileTZ,3712,1920,0,0,128,128,0,1,1,4294967295
tileTZ,3840,1920,0,0,128,128,0,1,1,4294967295
tileTZ,3968,1920,0,0,128,128,0,1,1,4294967295
tileTZ,4096,1920,0,0,128,128,0,1,1,4294967295
tileTZ,4224,1920,0,0,128,128,0,1,1,4294967295
tileTZ,3968,1216,0,0,128,64,0,1,1,4294967295
tileTZ,4352,1920,0,128,256,128,0,1,1,4294967295
tileTZ,4608,1984,0,256,128,128,0,1,1,4294967295
tileTZ,4736,2112,0,0,128,128,0,1,1,4294967295
tileTZ,4864,2112,0,0,128,128,0,1,1,4294967295
tileTZ,4992,2112,0,0,128,128,0,1,1,4294967295
tileTZ,5312,1984,384,0,256,128,0,-1,1,4294967295
tileTZ,5312,1984,0,0,128,128,0,1,1,4294967295
tileTZ,5440,1984,0,0,128,128,0,1,1,4294967295
tileTZ,5568,1984,0,0,128,128,0,1,1,4294967295
tileTZ,5696,1984,0,0,128,128,0,1,1,4294967295
tileTZ,3200,2048,0,0,128,128,0,1,1,4294967295
tileTZ,3328,2048,0,0,128,128,0,1,1,4294967295
tileTZ,3456,2048,0,0,128,128,0,1,1,4294967295
tileTZ,3584,2048,0,0,128,128,0,1,1,4294967295
tileTZ,3712,2048,0,0,128,128,0,1,1,4294967295
tileTZ,3840,2048,0,0,128,128,0,1,1,4294967295
tileTZ,3968,2048,0,0,128,128,0,1,1,4294967295
tileTZ,4096,2048,0,0,128,128,0,1,1,4294967295
tileTZ,4224,2048,0,0,128,128,0,1,1,4294967295
tileTZ,4352,2048,0,0,128,128,0,1,1,4294967295
tileTZ,4480,2048,0,0,128,128,0,1,1,4294967295
tileTZ,4352,2176,0,0,128,128,0,1,1,4294967295
tileTZ,4224,2176,0,0,128,128,0,1,1,4294967295
tileTZ,4608,2112,0,0,128,128,0,1,1,4294967295
tileTZ,5312,2112,0,0,128,128,0,1,1,4294967295
tileTZ,5440,2112,0,0,128,128,0,1,1,4294967295
tileTZ,5568,2112,0,0,128,128,0,1,1,4294967295
tileTZ,5696,2112,0,0,128,128,0,1,1,4294967295
tileTZ,4480,2176,0,0,128,128,0,1,1,4294967295
tileTZ,5888,512,0,0,128,64,0,1,1,4294967295
tileTZ,6336,512,0,0,128,128,0,1,1,4294967295
tileTZ,6464,512,0,0,128,128,0,1,1,4294967295
tileTZ,5504,384,128,0,128,128,0,1,1,4294967295
tileTZ,5376,384,0,0,128,128,0,1,1,4294967295
tileTZ,5376,256,0,0,128,128,0,1,1,4294967295
tileTZ,5632,384,256,0,128,128,0,-1,-1,4294967295
tileTZ,5376,128,0,0,128,128,0,1,1,4294967295
tileTZ,5504,128,0,0,128,128,0,1,1,4294967295
tileTZ,5632,128,0,0,128,128,0,1,1,4294967295
tileTZ,5760,128,0,0,128,128,0,1,1,4294967295
tileTZ,5888,128,0,0,128,128,0,1,1,4294967295
tileTZ,6016,128,0,0,128,128,0,1,1,4294967295
tileTZ,6144,128,0,0,128,128,0,1,1,4294967295
tileTZ,6272,128,0,0,128,128,0,1,1,4294967295
tileTZ,6400,128,0,0,128,128,0,1,1,4294967295
tileTZ,6528,128,0,0,128,128,0,1,1,4294967295
tileTZ,6624,832,0,0,128,128,0,1,1,4294967295
tileTZ,6752,832,0,0,128,128,0,1,1,4294967295
tileTZ,6880,832,0,0,128,128,0,1,1,4294967295
tileTZ,7008,832,0,0,128,128,0,1,1,4294967295
tileTZ,7136,832,0,0,128,128,0,1,1,4294967295
tileTZ,6848,640,0,0,128,128,0,1,1,4294967295
tileTZ,6496,832,0,0,128,128,0,1,1,4294967295
tileTZ,6368,832,0,0,128,128,0,1,1,4294967295
tileTZ,5376,512,0,0,128,64,0,1,1,4294967295
tileTZ,5504,512,0,0,128,64,0,1,1,4294967295
tileTZ,5632,512,0,0,128,64,0,1,1,4294967295
tileTZ,5760,512,0,0,128,64,0,1,1,4294967295
tileTZ,6848,768,0,0,128,64,0,1,0.7,4294967295
tileTZ,6592,512,0,0,64,128,0,1,1,4294967295
tileTZ,6848,512,0,0,128,128,0,1,1,4294967295
tileTZ,6720,512,0,0,128,128,0,1,1,4294967295
tileTZ,5824,1984,0,0,128,128,0,1,1,4294967295
tileTZ,5952,1984,0,0,128,128,0,1,1,4294967295
tileTZ,6080,1984,0,0,128,128,0,1,1,4294967295
tileTZ,6208,1984,0,0,128,128,0,1,1,4294967295
tileTZ,6336,1984,0,0,128,128,0,1,1,4294967295
tileTZ,5824,2112,0,0,128,128,0,1,1,4294967295
tileTZ,5952,2112,0,0,128,128,0,1,1,4294967295
tileTZ,6080,2112,0,0,128,128,0,1,1,4294967295
tileTZ,6208,2112,0,0,128,128,0,1,1,4294967295
tileTZ,6336,2112,0,0,128,128,0,1,1,4294967295
tileTZ,11360,1088,0,0,128,128,0,1,1,4294967295
tileTZ,11360,1216,0,0,128,128,0,1,1,4294967295
tileTZ,11488,1088,0,0,128,128,0,1,1,4294967295
tileTZ,11616,1088,0,0,128,128,0,1,1,4294967295
tileTZ,11488,1216,0,0,128,128,0,1,1,4294967295
tileTZ,11616,1216,0,0,128,128,0,1,1,4294967295
tileTZ,11744,1216,0,0,128,128,0,1,1,4294967295
tileTZ,11744,1088,0,0,128,128,0,1,1,4294967295
tileTZ,11872,1088,0,0,128,128,0,1,1,4294967295
tileTZ,11872,1216,0,0,128,128,0,1,1,4294967295
tileTZ,7648,1472,0,0,128,128,0,1,1,4294967295
tileTZ,7776,1472,0,0,128,128,0,1,1,4294967295
tileTZ,7904,1472,0,0,128,128,0,1,1,4294967295
tileTZ,8032,1472,0,0,128,128,0,1,1,4294967295
tileTZ,7648,1600,0,0,128,128,0,1,1,4294967295
tileTZ,7776,1600,0,0,128,128,0,1,1,4294967295
tileTZ,7904,1600,0,0,128,128,0,1,1,4294967295
tileTZ,8032,1600,0,0,128,128,0,1,1,4294967295
tileTZ,6464,1984,384,0,256,128,0,1,1,4294967295
tileTZ,6656,2112,0,0,128,128,0,1,1,4294967295
tileTZ,6784,2112,0,0,128,128,0,1,1,4294967295
tileTZ,6912,2112,0,0,128,128,0,1,1,4294967295
tileTZ,7040,2112,0,0,128,128,0,1,1,4294967295
tileTZ,7168,2112,0,0,128,128,0,1,1,4294967295
tileTZ,7296,2112,0,0,128,128,0,1,1,4294967295
tileTZ,7424,2112,0,0,128,128,0,1,1,4294967295
tileTZ,7552,2112,0,0,128,128,0,1,1,4294967295
tileTZ,7680,2112,0,0,128,128,0,1,1,4294967295
tileTZ,7808,2112,0,0,128,128,0,1,1,4294967295
tileTZ,7936,2112,0,0,128,128,0,1,1,4294967295
tileTZ,8416,1856,0,0,128,128,0,1,1,4294967295
tileTZ,8416,1728,0,0,128,128,0,1,1,4294967295
tileTZ,8416,1600,0,0,128,128,0,1,1,4294967295
tileTZ,8416,1472,0,0,128,128,0,1,1,4294967295
tileTZ,8416,1984,0,0,128,128,0,1,1,4294967295
tileTZ,8416,2112,0,0,128,128,0,1,1,4294967295
tileTZ,12000,1088,0,0,128,128,0,1,1,4294967295
tileTZ,12000,1216,0,0,128,128,0,1,1,4294967295
tileTZ,12128,1088,0,0,128,128,0,1,1,4294967295
tileTZ,12128,1216,0,0,128,128,0,1,1,4294967295
tileTZ,12256,1088,0,0,128,128,0,1,1,4294967295
tileTZ,12256,1216,0,0,128,128,0,1,1,4294967295
tileTZ,12384,1088,0,0,128,128,0,1,1,4294967295
tileTZ,12384,1216,0,0,128,128,0,1,1,4294967295
tileTZ,12512,1088,256,128,128,128,0,1,1,4294967295
tileTZ,12512,1216,0,0,128,128,0,1,1,4294967295
tileTZ,5312,2240,0,0,128,128,0,1,1,4294967295
tileTZ,5440,2240,0,0,128,128,0,1,1,4294967295
tileTZ,5568,2240,0,0,128,128,0,1,1,4294967295
tileTZ,5696,2240,0,0,128,128,0,1,1,4294967295
tileTZ,5824,2240,0,0,128,128,0,1,1,4294967295
tileTZ,5952,2240,0,0,128,128,0,1,1,4294967295
tileTZ,6080,2240,0,0,128,128,0,1,1,4294967295
tileTZ,6208,2240,0,0,128,128,0,1,1,4294967295
tileTZ,6336,2240,0,0,128,128,0,1,1,4294967295
tileTZ,4992,2240,0,0,128,128,0,1,1,4294967295
tileTZ,4864,2240,0,0,128,128,0,1,1,4294967295
tileTZ,4736,2240,0,0,128,128,0,1,1,4294967295
tileTZ,4608,2240,0,0,128,128,0,1,1,4294967295
tileTZ,4608,2368,0,0,128,128,0,1,1,4294967295
tileTZ,4736,2368,0,0,128,128,0,1,1,4294967295
tileTZ,4864,2368,0,0,128,128,0,1,1,4294967295
tileTZ,4992,2368,0,0,128,128,0,1,1,4294967295
tileTZ,4096,2176,0,0,128,128,0,1,1,4294967295
tileTZ,3968,2176,0,0,128,128,0,1,1,4294967295
tileTZ,3840,2176,0,0,128,128,0,1,1,4294967295
tileTZ,3712,2176,0,0,128,128,0,1,1,4294967295
tileTZ,3584,2176,0,0,128,128,0,1,1,4294967295
tileTZ,3456,2176,0,0,128,128,0,1,1,4294967295
tileTZ,3328,2176,0,0,128,128,0,1,1,4294967295
tileTZ,3200,2176,0,0,128,128,0,1,1,4294967295
tileTZ,7648,1856,0,0,128,128,0,1,1,4294967295
tileTZ,7776,1856,0,0,128,128,0,1,1,4294967295
tileTZ,7904,1856,0,0,128,128,0,1,1,4294967295
tileTZ,6656,2240,0,0,128,128,0,1,1,4294967295
tileTZ,6784,2240,0,0,128,128,0,1,1,4294967295
tileTZ,6912,2240,0,0,128,128,0,1,1,4294967295
tileTZ,7040,2240,0,0,128,128,0,1,1,4294967295
tileTZ,7168,2240,0,0,128,128,0,1,1,4294967295
tileTZ,7296,2240,0,0,128,128,0,1,1,4294967295
tileTZ,7424,2240,0,0,128,128,0,1,1,4294967295
tileTZ,7552,2240,0,0,128,128,0,1,1,4294967295
tileTZ,7680,2240,0,0,128,128,0,1,1,4294967295
tileTZ,7808,2240,0,0,128,128,0,1,1,4294967295
tileTZ,7936,2240,0,0,128,128,0,1,1,4294967295
tileTZ,7936,2368,0,0,128,128,0,1,1,4294967295
tileTZ,7808,2368,0,0,128,128,0,1,1,4294967295
tileTZ,7680,2368,0,0,128,128,0,1,1,4294967295
tileTZ,7552,2368,0,0,128,128,0,1,1,4294967295
tileTZ,7424,2368,0,0,128,128,0,1,1,4294967295
tileTZ,7296,2368,0,0,128,128,0,1,1,4294967295
tileTZ,7168,2368,0,0,128,128,0,1,1,4294967295
tileTZ,7040,2368,0,0,128,128,0,1,1,4294967295
tileTZ,6912,2368,0,0,128,128,0,1,1,4294967295
tileTZ,6784,2368,0,0,128,128,0,1,1,4294967295
tileTZ,6656,2368,0,0,128,128,0,1,1,4294967295
tileTZ,8416,2240,0,0,128,128,0,1,1,4294967295
tileTZ,8416,2368,0,0,128,128,0,1,1,4294967295
tileTZ,8416,2496,0,0,128,128,0,1,1,4294967295
tileTZ,8288,2496,0,0,128,128,0,1,1,4294967295
tileTZ,5376,0,0,0,128,128,0,1,1,4294967295
tileTZ,5504,0,0,0,128,128,0,1,1,4294967295
tileTZ,5632,0,0,0,128,128,0,1,1,4294967295
tileTZ,5760,0,0,0,128,128,0,1,1,4294967295
tileTZ,5888,0,0,0,128,128,0,1,1,4294967295
tileTZ,6016,0,0,0,128,128,0,1,1,4294967295
tileTZ,6144,0,0,0,128,128,0,1,1,4294967295
tileTZ,6272,0,0,0,128,128,0,1,1,4294967295
tileTZ,6400,0,0,0,128,128,0,1,1,4294967295
tileTZ,6528,0,0,0,128,128,0,1,1,4294967295
tileTZ,4704,1664,0,0,128,128,0,1,1,4294967295
tileTZ,6880,1664,0,0,128,128,0,1,1,4294967295
tileTZ,7008,1664,0,0,128,128,0,1,1,4294967295
tileTZ,7136,1664,0,0,128,128,0,1,1,4294967295
tileTZ,7264,1664,0,0,128,128,0,1,1,4294967295
tileTZ,7392,1664,0,0,128,128,0,1,1,4294967295
tileTZ,7264,832,0,0,128,128,0,1,1,4294967295
tileTZ,7392,832,0,0,128,128,0,1,1,4294967295
tileTZ,7520,832,0,0,128,128,0,1,1,4294967295
tileTZ,7520,1664,0,0,128,128,0,1,1,4294967295
tileTZ,7520,1536,0,0,128,128,0,1,1,4294967295
tileTZ,7520,1408,0,0,128,128,0,1,1,4294967295
tileTZ,7392,1536,256,0,128,128,0,1,1,4294967295
tileTZ,7520,1856,0,0,128,128,0,1,1,4294967295
tileTZ,7392,1856,0,0,128,128,0,1,1,4294967295
tileTZ,7264,1856,0,0,128,128,0,1,1,4294967295
tileTZ,7136,1856,0,0,128,128,0,1,1,4294967295
tileTZ,7008,1856,0,0,128,128,0,1,1,4294967295
tileTZ,11264,2784,0,0,128,128,0,1,1,4294967295
tileTZ,11392,2784,0,0,128,128,0,1,1,4294967295
tileTZ,11520,2784,0,0,128,128,0,1,1,4294967295
tileTZ,11648,2784,0,0,128,128,0,1,1,4294967295
tileTZ,11776,2784,0,0,128,128,0,1,1,4294967295
tileTZ,11904,2784,0,0,128,128,0,1,1,4294967295
tileTZ,12032,2784,0,128,256,128,0,1,1,4294967295
tileTZ,11264,2912,0,0,128,128,0,1,1,4294967295
tileTZ,11392,2912,0,0,128,128,0,1,1,4294967295
tileTZ,11520,2912,0,0,128,128,0,1,1,4294967295
tileTZ,11648,2912,0,0,128,128,0,1,1,4294967295
tileTZ,11776,2912,0,0,128,128,0,1,1,4294967295
tileTZ,11904,2912,0,0,128,128,0,1,1,4294967295
tileTZ,12032,2912,0,0,128,128,0,1,1,4294967295
tileTZ,12160,2912,0,0,128,128,0,1,1,4294967295
tileTZ,12288,2912,0,0,128,128,0,1,1,4294967295
tileTZ,12416,2912,0,0,128,128,0,1,1,4294967295
tileTZ,12544,2912,0,0,128,128,0,1,1,4294967295
tileTZ,12672,2912,0,0,128,128,0,1,1,4294967295
tileTZ,12288,2848,0,64,128,64,0,1,1,4294967295
tileTZ,12416,2848,0,64,128,64,0,1,1,4294967295
tileTZ,12544,2848,0,64,128,64,0,1,1,4294967295
tileTZ,12672,2848,0,64,128,64,0,1,1,4294967295
tileTZ,12800,2912,0,0,128,128,0,1,1,4294967295
tileTZ,12928,2912,0,0,128,128,0,1,1,4294967295
tileTZ,13056,2912,0,0,128,128,0,1,1,4294967295
tileTZ,13184,2912,0,0,128,128,0,1,1,4294967295
tileTZ,13312,2912,0,0,128,128,0,1,1,4294967295
tileTZ,13440,2912,0,0,128,128,0,1,1,4294967295
tileTZ,13568,2912,0,0,128,128,0,1,1,4294967295
tileTZ,12800,2848,0,64,128,64,0,1,1,4294967295
tileTZ,12928,2848,0,64,128,64,0,1,1,4294967295
tileTZ,13056,2848,0,64,128,64,0,1,1,4294967295
tileTZ,13184,2848,0,64,128,64,0,1,1,4294967295
tileTZ,13312,2848,0,64,128,64,0,1,1,4294967295
tileTZ,13440,2848,0,64,128,64,0,1,1,4294967295
tileTZ,13568,2848,0,64,128,64,0,1,1,4294967295
tileTZ,13696,3040,0,0,128,128,0,1,1,4294967295
tileTZ,13824,3040,0,0,128,128,0,1,1,4294967295
tileTZ,13952,3040,0,0,128,128,0,1,1,4294967295
tileTZ,14080,3040,0,0,128,128,0,1,1,4294967295
tileTZ,14208,3040,0,0,128,128,0,1,1,4294967295
tileTZ,14336,3040,0,0,128,128,0,1,1,4294967295
tileTZ,14464,3040,0,0,128,128,0,1,1,4294967295
tileTZ,14592,3040,0,0,128,128,0,1,1,4294967295
tileTZ,14720,3040,0,0,128,128,0,1,1,4294967295
tileTZ,15232,2400,0,0,128,128,0,1,1,4294967295
tileTZ,14720,2912,0,0,128,128,0,1,1,4294967295
tileTZ,14720,2784,0,0,128,128,0,1,1,4294967295
tileTZ,14720,2656,0,0,128,128,0,1,1,4294967295
tileTZ,14848,2656,0,0,128,128,0,1,1,4294967295
tileTZ,14976,2656,0,0,128,128,0,1,1,4294967295
tileTZ,15104,2656,0,0,128,128,0,1,1,4294967295
tileTZ,15232,2656,0,0,128,128,0,1,1,4294967295
tileTZ,15232,2784,0,0,128,128,0,1,1,4294967295
tileTZ,15104,2784,0,0,128,128,0,1,1,4294967295
tileTZ,14976,2784,0,0,128,128,0,1,1,4294967295
tileTZ,14848,2784,0,0,128,128,0,1,1,4294967295
tileTZ,14848,2912,0,0,128,128,0,1,1,4294967295
tileTZ,14976,2912,0,0,128,128,0,1,1,4294967295
tileTZ,15104,2912,0,0,128,128,0,1,1,4294967295
tileTZ,14848,3040,0,0,128,128,0,1,1,4294967295
tileTZ,15232,2528,0,0,128,128,0,1,1,4294967295
tileTZ,15360,2400,0,0,128,128,0,1,1,4294967295
tileTZ,15360,2528,0,0,128,128,0,1,1,4294967295
tileTZ,15360,2656,0,0,128,128,0,1,1,4294967295
tileTZ,15360,2784,0,0,128,128,0,1,1,4294967295
tileTZ,15488,2400,0,0,128,128,0,1,1,4294967295
tileTZ,15488,2528,0,0,128,128,0,1,1,4294967295
tileTZ,15488,2656,0,0,128,128,0,1,1,4294967295
tileTZ,15232,2912,0,0,128,128,0,1,1,4294967295
tileTZ,15616,2400,0,0,128,128,0,1,1,4294967295
tileTZ,15616,2528,0,0,128,128,0,1,1,4294967295
tileTZ,15616,2656,0,0,128,128,0,1,1,4294967295
tileTZ,16128,2272,0,0,128,128,0,1,1,4294967295
tileTZ,16128,2400,0,0,128,128,0,1,1,4294967295
tileTZ,16128,2528,0,0,128,128,0,1,1,4294967295
tileTZ,16128,2656,0,0,128,128,0,1,1,4294967295
tileTZ,16256,2272,0,0,128,128,0,1,1,4294967295
tileTZ,16384,2272,0,0,128,128,0,1,1,4294967295
tileTZ,16256,2400,0,0,128,128,0,1,1,4294967295
tileTZ,16384,2400,0,0,128,128,0,1,1,4294967295
tileTZ,16256,2528,0,0,128,128,0,1,1,4294967295
tileTZ,16384,2528,0,0,128,128,0,1,1,4294967295
tileTZ,16384,2656,0,0,128,128,0,1,1,4294967295
tileTZ,16256,2656,0,0,128,128,0,1,1,4294967295
tileTZ,16512,2272,0,0,128,128,0,1,1,4294967295
tileTZ,16640,2272,0,0,128,128,0,1,1,4294967295
tileTZ,16512,2400,0,0,128,128,0,1,1,4294967295
tileTZ,16640,2400,0,0,128,128,0,1,1,4294967295
tileTZ,16512,2528,0,0,128,128,0,1,1,4294967295
tileTZ,16640,2528,0,0,128,128,0,1,1,4294967295
tileTZ,17280,2144,0,0,128,128,0,1,1,4294967295
tileTZ,16768,2528,128,0,128,128,0,1,1,4294967295
tileTZ,16512,2656,0,0,128,128,0,1,1,4294967295
tileTZ,16640,2656,0,0,128,128,0,1,1,4294967295
tileTZ,16768,2656,0,0,128,128,0,1,1,4294967295
tileTZ,16896,2656,0,0,128,128,0,1,1,4294967295
tileTZ,17024,2656,0,0,128,128,0,1,1,4294967295
tileTZ,17280,1888,0,0,128,128,0,1,1,4294967295
tileTZ,17408,1888,0,0,128,128,0,1,1,4294967295
tileTZ,17152,1888,0,0,128,128,0,1,1,4294967295
tileTZ,17536,1888,0,0,128,128,0,1,1,4294967295
tileTZ,17536,1760,256,0,128,128,0,1,1,4294967295
tileTZ,17536,1760,256,0,128,128,0,1,-1,4294967295
tileTZ,16896,2528,256,0,128,128,0,1,1,4294967295
tileTZ,17024,2528,0,0,128,128,0,1,1,4294967295
tileTZ,17024,2400,0,0,128,128,0,1,1,4294967295
tileTZ,17024,2272,0,0,128,128,0,1,1,4294967295
tileTZ,17536,1504,0,0,128,128,0,1,1,4294967295
tileTZ,17536,1376,0,0,128,128,0,1,1,4294967295
tileTZ,17408,1376,0,0,128,64,0,1,1,4294967295
tileTZ,17664,1376,0,0,128,128,0,1,1,4294967295
tileTZ,17792,1376,0,0,128,128,0,1,1,4294967295
tileTZ,17920,1376,0,0,128,128,0,1,1,4294967295
tileTZ,17024,2784,0,0,128,128,0,1,1,4294967295
tileTZ,16896,2784,0,0,128,128,0,1,1,4294967295
tileTZ,16768,2784,0,0,128,128,0,1,1,4294967295
tileTZ,16640,2784,0,0,128,128,0,1,1,4294967295
tileTZ,17024,2912,0,0,128,128,0,1,1,4294967295
tileTZ,16896,2912,0,0,128,128,0,1,1,4294967295
tileTZ,16768,2912,0,0,128,128,0,1,1,4294967295
tileTZ,16640,2912,0,0,128,128,0,1,1,4294967295
tileTZ,17280,2272,0,0,128,128,0,1,1,4294967295
tileTZ,17280,2400,0,0,128,128,0,1,1,4294967295
tileTZ,17280,2528,0,0,128,128,0,1,1,4294967295
tileTZ,17280,2656,0,0,128,128,0,1,1,4294967295
tileTZ,17280,2784,0,0,128,128,0,1,1,4294967295
tileTZ,17664,1504,0,0,128,128,0,1,1,4294967295
tileTZ,17792,1504,0,0,128,128,0,1,1,4294967295
tileTZ,17920,1504,0,0,128,128,0,1,1,4294967295
tileTZ,17664,1632,0,0,128,128,0,1,1,4294967295
tileTZ,17792,1632,0,0,128,128,0,1,1,4294967295
tileTZ,17920,1632,0,0,128,128,0,1,1,4294967295
tileTZ,17664,1760,0,0,128,128,0,1,1,4294967295
tileTZ,17792,1760,0,0,128,128,0,1,1,4294967295
tileTZ,17920,1760,0,0,128,128,0,1,1,4294967295
tileTZ,17664,1888,0,0,128,128,0,1,1,4294967295
tileTZ,17792,1888,0,0,128,128,0,1,1,4294967295
tileTZ,17920,1888,0,0,128,128,0,1,1,4294967295
tileTZ,17664,2016,0,0,128,128,0,1,1,4294967295
tileTZ,17792,2016,0,0,128,128,0,1,1,4294967295
tileTZ,17920,2016,0,0,128,128,0,1,1,4294967295
tileTZ,17664,2144,0,0,128,128,0,1,1,4294967295
tileTZ,17792,2144,0,0,128,128,0,1,1,4294967295
tileTZ,17920,2144,0,0,128,128,0,1,1,4294967295
tileTZ,17408,2272,0,0,128,128,0,1,1,4294967295
tileTZ,17536,2272,0,0,128,128,0,1,1,4294967295
tileTZ,17664,2272,0,0,128,128,0,1,1,4294967295
tileTZ,17792,2272,0,0,128,128,0,1,1,4294967295
tileTZ,17920,2272,0,0,128,128,0,1,1,4294967295
tileTZ,17664,2400,0,0,128,128,0,1,1,4294967295
tileTZ,17792,2400,0,0,128,128,0,1,1,4294967295
tileTZ,17920,2400,0,0,128,128,0,1,1,4294967295
tileTZ,18048,1376,0,0,128,128,0,1,1,4294967295
tileTZ,18176,1376,0,0,128,128,0,1,1,4294967295
tileTZ,18304,1376,0,0,128,128,0,1,1,4294967295
tileTZ,18048,1504,0,0,128,128,0,1,1,4294967295
tileTZ,18176,1504,0,0,128,128,0,1,1,4294967295
tileTZ,18304,1504,0,0,128,128,0,1,1,4294967295
tileTZ,18048,1632,0,0,128,128,0,1,1,4294967295
tileTZ,18176,1632,0,0,128,128,0,1,1,4294967295
tileTZ,18304,1632,0,0,128,128,0,1,1,4294967295
tileTZ,18432,1376,0,0,128,128,0,1,1,4294967295
tileTZ,18432,1504,0,0,128,128,0,1,1,4294967295
tileTZ,18432,1632,0,0,128,128,0,1,1,4294967295
tileTZ,7520,1344,0,64,128,64,0,1,1,4294967295
tileTZ,8160,1472,0,0,128,128,0,1,1,4294967295
tileTZ,8160,1600,0,0,128,128,0,1,1,4294967295
tileTZ,7520,1792,0,0,128,64,0,1,1,4294967295
tileTZ,7648,1728,0,0,128,128,0,1,1,4294967295
tileTZ,7776,1728,0,0,128,128,0,1,1,4294967295
tileTZ,17152,2272,0,0,128,128,0,1,1,4294967295
tileTZ,17152,2400,0,0,128,128,0,1,1,4294967295
tileTZ,17152,2528,0,0,128,128,0,1,1,4294967295
tileTZ,17152,2656,0,0,128,128,0,1,1,4294967295
tileTZ,384,640,0,0,128,128,0,1,1,4294967295
tileTZ,384,768,0,0,128,128,0,1,1,4294967295
tileTZ,384,896,0,0,128,128,0,1,1,4294967295
tileTZ,256,896,0,0,128,128,0,1,1,4294967295
tileTZ,128,896,0,0,128,128,0,1,1,4294967295
tileTZ,0,896,0,0,128,128,0,1,1,4294967295
tileTZ,512,640,0,0,128,128,0,1,1,4294967295
tileTZ,640,640,0,0,128,128,0,1,1,4294967295
tileTZ,768,640,0,0,128,128,0,1,1,4294967295
tileTZ,896,640,0,0,128,128,0,1,1,4294967295
tileTZ,1024,640,0,0,128,128,0,1,1,4294967295
tileTZ,1152,640,0,0,128,128,0,1,1,4294967295
tileTZ,1280,640,0,0,128,128,0,1,1,4294967295
tileTZ,1536,512,256,0,128,128,0,1,1,4294967295
tileTZ,1408,640,0,0,128,128,0,1,1,4294967295
tileTZ,1536,640,0,0,128,128,0,1,1,4294967295
tileTZ,1664,640,0,0,128,128,0,1,1,4294967295
tileTZ,1664,512,0,0,128,128,0,1,1,4294967295
tileTZ,1664,384,0,0,128,128,0,1,1,4294967295
tileTZ,256,1024,0,0,128,128,0,1,1,4294967295
tileTZ,384,1024,0,0,128,128,0,1,1,4294967295
tileTZ,128,1024,0,0,128,128,0,1,1,4294967295
tileTZ,0,1024,0,0,128,128,0,1,1,4294967295
tileTZ,384,1152,0,0,128,128,0,1,1,4294967295
tileTZ,512,1152,0,0,128,128,0,1,1,4294967295
tileTZ,640,1152,0,0,128,128,0,1,1,4294967295
tileTZ,768,1152,0,0,128,128,0,1,1,4294967295
tileTZ,896,1152,0,0,128,128,0,1,1,4294967295
tileTZ,1024,1152,0,0,128,128,0,1,1,4294967295
tileTZ,1152,1152,0,0,128,128,0,1,1,4294967295
tileTZ,512,1024,0,0,128,128,0,1,1,4294967295
tileTZ,512,896,0,0,128,128,0,1,1,4294967295
tileTZ,512,768,0,0,128,128,0,1,1,4294967295
tileTZ,1152,1280,0,0,128,128,0,1,1,4294967295
tileTZ,1024,1280,0,0,128,128,0,1,1,4294967295
tileTZ,896,1280,0,0,128,128,0,1,1,4294967295
tileTZ,768,1280,0,0,128,128,0,1,1,4294967295
tileTZ,768,1408,0,0,128,128,0,1,1,4294967295
tileTZ,896,1408,0,0,128,128,0,1,1,4294967295
tileTZ,1024,1408,0,0,128,128,0,1,1,4294967295
tileTZ,1152,1408,0,0,128,128,0,1,1,4294967295
tileTZ,1280,1408,0,0,128,128,0,1,1,4294967295
tileTZ,1408,1408,0,0,128,128,0,1,1,4294967295
tileTZ,1536,1408,0,0,128,128,0,1,1,4294967295
tileTZ,1664,1408,0,0,128,128,0,1,1,4294967295
tileTZ,1792,1408,0,0,128,128,0,1,1,4294967295
tileTZ,1792,1280,0,0,128,128,0,1,1,4294967295
tileTZ,1664,1280,0,0,128,128,0,1,1,4294967295
tileTZ,1536,1280,0,0,128,128,0,1,1,4294967295
tileTZ,1408,1280,0,0,128,128,0,1,1,4294967295
tileTZ,1280,1280,0,0,128,128,0,1,1,4294967295
tileTZ,640,768,0,0,128,128,0,1,1,4294967295
tileTZ,768,768,0,0,128,128,0,1,1,4294967295
tileTZ,896,768,0,0,128,128,0,1,1,4294967295
tileTZ,1024,768,0,0,128,128,0,1,1,4294967295
tileTZ,1152,768,0,0,128,128,0,1,1,4294967295
tileTZ,1280,768,0,0,128,128,0,1,1,4294967295
tileTZ,1408,768,0,0,128,128,0,1,1,4294967295
tileTZ,1536,768,0,0,128,128,0,1,1,4294967295
tileTZ,1664,768,0,0,128,128,0,1,1,4294967295
tileTZ,1792,384,0,0,128,128,0,1,1,4294967295
tileTZ,1920,384,0,128,256,128,0,1,1,4294967295
tileTZ,1792,512,0,0,128,128,0,1,1,4294967295
tileTZ,1920,512,0,0,128,128,0,1,1,4294967295
tileTZ,2048,512,0,0,128,128,0,1,1,4294967295
tileTZ,2176,512,0,0,128,128,0,1,1,4294967295
tileTZ,1280,1152,128,0,128,128,0,1,1,4294967295
tileTZ,1152,896,0,0,128,128,0,1,1,4294967295
tileTZ,1152,1024,0,0,128,128,0,1,1,4294967295
tileTZ,1664,1536,0,0,128,128,0,1,1,4294967295
tileTZ,1792,1536,0,0,128,128,0,1,1,4294967295
tileTZ,1792,1664,0,0,128,128,0,1,1,4294967295
tileTZ,1664,1664,0,0,128,128,0,1,1,4294967295
tileTZ,1664,1792,0,0,128,128,0,1,1,4294967295
tileTZ,1792,1792,0,0,128,128,0,1,1,4294967295
tileTZ,1664,1920,0,0,128,128,0,1,1,4294967295
tileTZ,1792,1920,0,0,128,128,0,1,1,4294967295
tileTZ,1920,1920,0,0,128,128,0,1,1,4294967295
tileTZ,1920,1792,0,0,128,128,0,1,1,4294967295
tileTZ,2560,1792,0,0,128,128,0,1,1,4294967295
tileTZ,2432,1792,0,0,128,128,0,1,1,4294967295
tileTZ,2304,1792,0,0,128,128,0,1,1,4294967295
tileTZ,2176,1792,0,0,128,128,0,1,1,4294967295
tileTZ,2048,1792,0,0,128,128,0,1,1,4294967295
tileTZ,2048,1920,0,0,128,128,0,1,1,4294967295
tileTZ,2176,1920,0,0,128,128,0,1,1,4294967295
tileTZ,2304,1920,0,0,128,128,0,1,1,4294967295
tileTZ,2432,1920,0,0,128,128,0,1,1,4294967295
tileTZ,2560,1920,0,0,128,128,0,1,1,4294967295
tileTZ,1152,384,0,0,128,128,0,1,1,4294967295
tileTZ,1152,512,0,0,128,128,0,1,1,4294967295
tileTZ,3456,1280,256,128,128,128,0,1,1,4294967295
tileTZ,3584,1536,256,384,128,128,0,-1,-1,4294967295
tileTZ,2688,1280,0,0,128,128,0,1,1,4294967295
tileTZ,2688,1408,0,0,128,128,0,1,1,4294967295
tileTZ,2816,1408,0,0,128,128,0,1,1,4294967295
tileTZ,2944,1408,0,0,128,128,0,1,1,4294967295
tileTZ,3072,1408,0,0,128,128,0,1,1,4294967295
tileTZ,3200,1408,0,0,128,128,0,1,1,4294967295
tileTZ,3328,1408,0,0,128,128,0,1,1,4294967295
tileTZ,3328,1280,0,0,128,128,0,1,1,4294967295
tileTZ,3200,1280,0,0,128,128,0,1,1,4294967295
tileTZ,3072,1280,0,0,128,128,0,1,1,4294967295
tileTZ,2944,1280,0,0,128,128,0,1,1,4294967295
tileTZ,2816,1280,0,0,128,128,0,1,1,4294967295
tileTZ,3137,1217,0,128,256,128,0,1,1,4294967295
tileTZ,2880,1216,512,384,256,128,0,1,1,4294967295
tileTZ,2688,1792,0,0,128,128,0,1,1,4294967295
tileTZ,2688,1920,0,0,128,128,0,1,1,4294967295
tileTZ,2816,1920,0,0,128,128,0,1,1,4294967295
tileTZ,2816,1792,0,0,128,128,0,1,1,4294967295
tileTZ,2816,1664,0,0,128,128,0,1,1,4294967295
tileTZ,2816,2048,0,0,128,128,0,1,1,4294967295
tileTZ,2688,2048,0,0,128,128,0,1,1,4294967295
tileTZ,2688,2176,0,0,128,128,0,1,1,4294967295
tileTZ,2816,2176,0,0,128,128,0,1,1,4294967295
tileTZ,2560,2048,0,0,128,128,0,1,1,4294967295
tileTZ,2432,2048,0,0,128,128,0,1,1,4294967295
tileTZ,2432,2176,0,0,128,128,0,1,1,4294967295
tileTZ,2560,2176,0,0,128,128,0,1,1,4294967295
tileTZ,2944,2176,0,0,128,128,0,1,1,4294967295
tileTZ,2944,1664,0,0,128,128,0,1,1,4294967295
tileTZ,2944,1792,0,0,128,128,0,1,1,4294967295
tileTZ,2944,1920,0,0,128,128,0,1,1,4294967295
tileTZ,2944,2048,0,0,128,128,0,1,1,4294967295
tileTZ,1920,1536,0,0,128,128,0,1,1,4294967295
tileTZ,2048,1536,0,0,128,128,0,1,1,4294967295
tileTZ,2176,1536,0,0,128,128,0,1,1,4294967295
tileTZ,2304,1536,0,0,128,128,0,1,1,4294967295
tileTZ,2432,1536,0,0,128,128,0,1,1,4294967295
tileTZ,2560,1536,0,0,128,128,0,1,1,4294967295
tileTZ,2560,1408,256,0,128,128,0,1,1,4294967295
tileTZ,3072,1920,640,128,128,128,0,1,1,4294967295
tileTZ,3072,1920,768,256,128,128,0,1,1,4294967295
tileTZ,3200,1920,0,0,128,128,0,1,1,4294967295
tileTZ,3072,2176,0,0,128,128,0,1,1,4294967295
tileTZ,3072,2048,768,256,128,128,0,1,1,4294967295
tileTZ,3200,1664,640,128,128,128,0,1,1,4294967295
tileTZ,3328,1664,640,128,128,128,0,1,1,4294967295
tileTZ,3456,1664,640,128,128,128,0,1,1,4294967295
tileTZ,3584,1664,640,128,128,128,0,1,1,4294967295
tileTZ,3712,1664,640,128,128,128,0,1,1,4294967295
tileTZ,3072,2304,0,0,128,128,0,1,1,4294967295
tileTZ,2944,2304,0,0,128,128,0,1,1,4294967295
tileTZ,2816,2304,0,0,128,128,0,1,1,4294967295
tileTZ,2688,2304,0,0,128,128,0,1,1,4294967295
tileTZ,3200,2304,0,0,128,128,0,1,1,4294967295
tileTZ,3328,2304,0,0,128,128,0,1,1,4294967295
tileTZ,3456,2304,0,0,128,128,0,1,1,4294967295
tileTZ,3584,2304,0,0,128,128,0,1,1,4294967295
tileTZGrass,832,634,0,0,64,64,0,1,1,4294967295
tileTZGrass,832,634,0,0,64,64,0,1,1,4294967295
tileTZGrass,832,634,0,0,64,64,0,1,1,4294967295
tileTZGrass,832,634,0,0,64,64,0,1,1,4294967295
tileTZGrass,832,634,0,0,64,64,0,1,1,4294967295
tileTZGrass,832,634,0,0,64,64,0,1,1,4294967295
tileTZGrass,832,634,0,0,64,64,0,1,1,4294967295
tileTZGrass,832,634,64,0,64,64,0,1,1,4294967295
tileTZGrass,896,634,128,0,64,64,0,1,1,4294967295
tileTZGrass,896,634,128,0,64,64,0,1,1,4294967295
tileTZGrass,896,634,128,0,64,64,0,1,1,4294967295
tileTZGrass,896,634,128,0,64,64,0,1,1,4294967295
tileTZGrass,896,634,128,0,64,64,0,1,1,4294967295
tileTZGrass,896,634,128,0,64,64,0,1,1,4294967295
tileTZGrass,896,634,128,0,64,64,0,1,1,4294967295
tileTZGrass,896,634,128,0,64,64,0,1,1,4294967295
tileTZGrass,896,634,128,0,64,64,0,1,1,4294967295
tileTZGrass,896,634,128,0,64,64,0,1,1,4294967295
tileTZGrass,896,634,128,0,64,64,0,1,1,4294967295
tileTZGrass,896,634,128,0,64,64,0,1,1,4294967295
tileTZGrass,896,634,128,0,64,64,0,1,1,4294967295
tileTZGrass,896,634,128,0,64,64,0,1,1,4294967295
tileTZGrass,896,634,128,0,64,64,0,1,1,4294967295
tileTZGrass,896,634,128,0,64,64,0,1,1,4294967295
tileTZGrass,896,634,128,0,64,64,0,1,1,4294967295
tileTZGrass,896,634,128,0,64,64,0,1,1,4294967295
tileTZGrass,896,634,128,0,64,64,0,1,1,4294967295
tileTZGrass,896,634,128,0,64,64,0,1,1,4294967295
tileTZGrass,896,634,128,0,64,64,0,1,1,4294967295
tileTZGrass,896,634,128,0,64,64,0,1,1,4294967295
tileTZGrass,896,634,128,0,64,64,0,1,1,4294967295
tileTZGrass,896,634,128,0,64,64,0,1,1,4294967295
tileTZGrass,896,634,128,0,64,64,0,1,1,4294967295
tileTZGrass,896,634,64,0,64,64,0,1,1,4294967295
tileTZGrass,960,634,128,0,64,64,0,1,1,4294967295
tileTZGrass,960,634,128,0,64,64,0,1,1,4294967295
tileTZGrass,960,634,128,0,64,64,0,1,1,4294967295
tileTZGrass,960,634,128,0,64,64,0,1,1,4294967295
tileTZGrass,960,634,128,0,64,64,0,1,1,4294967295
tileTZGrass,960,634,128,0,64,64,0,1,1,4294967295
tileTZGrass,960,634,128,0,64,64,0,1,1,4294967295
tileTZGrass,960,634,128,0,64,64,0,1,1,4294967295
tileTZGrass,960,634,128,0,64,64,0,1,1,4294967295
tileTZGrass,960,634,128,0,64,64,0,1,1,4294967295
tileTZGrass,960,634,128,0,64,64,0,1,1,4294967295
tileTZGrass,960,634,128,0,64,64,0,1,1,4294967295
tileTZGrass,960,634,128,0,64,64,0,1,1,4294967295
tileTZGrass,960,634,128,0,64,64,0,1,1,4294967295
tileTZGrass,960,634,128,0,64,64,0,1,1,4294967295
tileTZGrass,960,634,128,0,64,64,0,1,1,4294967295
tileTZGrass,960,634,128,0,64,64,0,1,1,4294967295
tileTZGrass,960,634,64,0,64,64,0,1,1,4294967295
tileTZGrass,960,634,64,0,64,64,0,1,1,4294967295
tileTZGrass,1024,634,128,0,64,64,0,1,1,4294967295
tileTZGrass,1024,634,128,0,64,64,0,1,1,4294967295
tileTZGrass,1024,634,128,0,64,64,0,1,1,4294967295
tileTZGrass,1024,634,128,0,64,64,0,1,1,4294967295
tileTZGrass,1024,634,128,0,64,64,0,1,1,4294967295
tileTZGrass,1024,634,128,0,64,64,0,1,1,4294967295
tileTZGrass,1024,634,128,0,64,64,0,1,1,4294967295
tileTZGrass,1024,634,128,0,64,64,0,1,1,4294967295
tileTZGrass,1024,634,128,0,64,64,0,1,1,4294967295
tileTZGrass,1024,634,128,0,64,64,0,1,1,4294967295
tileTZGrass,1024,634,128,0,64,64,0,1,1,4294967295
tileTZGrass,1024,634,128,0,64,64,0,1,1,4294967295
tileTZGrass,1024,634,128,0,64,64,0,1,1,4294967295
tileTZGrass,1024,634,128,0,64,64,0,1,1,4294967295
tileTZGrass,1024,634,128,0,64,64,0,1,1,4294967295
tileTZGrass,1024,634,128,0,64,64,0,1,1,4294967295
tileTZGrass,1024,634,128,0,64,64,0,1,1,4294967295
tileTZGrass,1024,634,128,0,64,64,0,1,1,4294967295
tileTZGrass,1024,634,128,0,64,64,0,1,1,4294967295
tileTZGrass,1024,634,128,0,64,64,0,1,1,4294967295
tileTZGrass,1024,634,64,0,64,64,0,1,1,4294967295
tileTZGrass,1088,634,128,0,64,64,0,1,1,4294967295
tileTZGrass,1088,634,128,0,64,64,0,1,1,4294967295
tileTZGrass,1088,634,128,0,64,64,0,1,1,4294967295
tileTZGrass,1088,634,128,0,64,64,0,1,1,4294967295
tileTZGrass,1088,634,128,0,64,64,0,1,1,4294967295
tileTZGrass,1088,634,128,0,64,64,0,1,1,4294967295
tileTZGrass,1088,634,128,0,64,64,0,1,1,4294967295
tileTZGrass,1088,634,128,0,64,64,0,1,1,4294967295
tileTZGrass,1088,634,128,0,64,64,0,1,1,4294967295
tileTZGrass,1088,634,128,0,64,64,0,1,1,4294967295
tileTZGrass,1088,634,128,0,64,64,0,1,1,4294967295
tileTZGrass,1088,634,128,0,64,64,0,1,1,4294967295
tileTZGrass,1088,634,128,0,64,64,0,1,1,4294967295
tileTZGrass,1088,634,128,0,64,64,0,1,1,4294967295
tileTZGrass,1088,634,64,0,64,64,0,1,1,4294967295
tileTZGrass,1088,634,64,0,64,64,0,1,1,4294967295
tileTZGrass,1152,634,128,0,64,64,0,1,1,4294967295
tileTZGrass,1152,634,128,0,64,64,0,1,1,4294967295
tileTZGrass,1152,634,128,0,64,64,0,1,1,4294967295
tileTZGrass,1152,634,128,0,64,64,0,1,1,4294967295
tileTZGrass,1152,634,128,0,64,64,0,1,1,4294967295
tileTZGrass,1152,634,128,0,64,64,0,1,1,4294967295
tileTZGrass,1152,634,128,0,64,64,0,1,1,4294967295
tileTZGrass,1152,634,128,0,64,64,0,1,1,4294967295
tileTZGrass,1152,634,64,0,64,64,0,1,1,4294967295
tileTZGrass,1152,634,64,0,64,64,0,1,1,4294967295
tileTZGrass,1216,634,128,0,64,64,0,1,1,4294967295
tileTZGrass,1216,634,128,0,64,64,0,1,1,4294967295
tileTZGrass,1216,634,128,0,64,64,0,1,1,4294967295
tileTZGrass,1216,634,128,0,64,64,0,1,1,4294967295
tileTZGrass,1216,634,128,0,64,64,0,1,1,4294967295
tileTZGrass,1216,634,128,0,64,64,0,1,1,4294967295
tileTZGrass,1216,634,128,0,64,64,0,1,1,4294967295
tileTZGrass,1216,634,128,0,64,64,0,1,1,4294967295
tileTZGrass,1216,634,128,0,64,64,0,1,1,4294967295
tileTZGrass,1216,634,128,0,64,64,0,1,1,4294967295
tileTZGrass,1216,634,128,0,64,64,0,1,1,4294967295
tileTZGrass,1216,634,128,0,64,64,0,1,1,4294967295
tileTZGrass,1216,634,128,0,64,64,0,1,1,4294967295
tileTZGrass,1216,634,64,0,64,64,0,1,1,4294967295
tileTZGrass,768,634,0,0,64,64,0,1,1,4294967295
tileTZGrass,768,634,0,0,64,64,0,1,1,4294967295
tileTZGrass,768,634,0,0,64,64,0,1,1,4294967295
tileTZGrass,768,634,0,0,64,64,0,1,1,4294967295
tileTZGrass,768,634,0,0,64,64,0,1,1,4294967295
tileTZGrass,768,634,0,0,64,64,0,1,1,4294967295
tileTZGrass,768,634,0,0,64,64,0,1,1,4294967295
tileTZGrass,768,634,0,0,64,64,0,1,1,4294967295
tileTZGrass,768,634,0,0,64,64,0,1,1,4294967295
tileTZGrass,768,634,0,0,64,64,0,1,1,4294967295
tileTZGrass,768,634,64,0,64,64,0,1,1,4294967295
tileTZGrass,768,634,64,0,64,64,0,1,1,4294967295
tileTZGrass,704,634,0,0,64,64,0,1,1,4294967295
tileTZGrass,704,634,0,0,64,64,0,1,1,4294967295
tileTZGrass,704,634,0,0,64,64,0,1,1,4294967295
tileTZGrass,704,634,0,0,64,64,0,1,1,4294967295
tileTZGrass,704,634,0,0,64,64,0,1,1,4294967295
tileTZGrass,704,634,0,0,64,64,0,1,1,4294967295
tileTZGrass,704,634,64,0,64,64,0,1,1,4294967295
tileTZGrass,704,634,64,0,64,64,0,1,1,4294967295
tileTZGrass,640,634,0,0,64,64,0,1,1,4294967295
tileTZGrass,640,634,0,0,64,64,0,1,1,4294967295
tileTZGrass,640,634,0,0,64,64,0,1,1,4294967295
tileTZGrass,640,634,0,0,64,64,0,1,1,4294967295
tileTZGrass,640,634,0,0,64,64,0,1,1,4294967295
tileTZGrass,640,634,64,0,64,64,0,1,1,4294967295
tileTZGrass,640,634,64,0,64,64,0,1,1,4294967295
tileTZGrass,576,634,64,0,64,64,0,1,1,4294967295
tileTZGrass,384,634,0,0,64,64,0,1,1,4294967295
tileTZGrass,384,634,0,0,64,64,0,1,1,4294967295
tileTZGrass,512,634,0,0,64,64,0,1,1,4294967295
tileTZGrass,512,634,0,0,64,64,0,1,1,4294967295
tileTZGrass,512,634,0,0,64,64,0,1,1,4294967295
tileTZGrass,512,634,0,0,64,64,0,1,1,4294967295
tileTZGrass,512,634,0,0,64,64,0,1,1,4294967295
tileTZGrass,512,634,0,0,64,64,0,1,1,4294967295
tileTZGrass,512,634,0,0,64,64,0,1,1,4294967295
tileTZGrass,512,634,0,0,64,64,0,1,1,4294967295
tileTZGrass,512,634,0,0,64,64,0,1,1,4294967295
tileTZGrass,512,634,0,0,64,64,0,1,1,4294967295
tileTZGrass,512,634,64,0,64,64,0,1,1,4294967295
tileTZGrass,512,634,64,0,64,64,0,1,1,4294967295
tileTZGrass,448,634,64,0,64,64,0,1,1,4294967295
tileTZGrass,448,634,64,0,64,64,0,1,1,4294967295
tileTZGrass,448,634,64,0,64,64,0,1,1,4294967295
tileTZGrass,448,634,64,0,64,64,0,1,1,4294967295
tileTZGrass,448,634,64,0,64,64,0,1,1,4294967295
tileTZGrass,448,634,64,0,64,64,0,1,1,4294967295
tileTZGrass,448,634,64,0,64,64,0,1,1,4294967295
tileTZGrass,448,634,64,0,64,64,0,1,1,4294967295
tileTZGrass,448,634,64,0,64,64,0,1,1,4294967295
tileTZGrass,448,634,64,0,64,64,0,1,1,4294967295
tileTZGrass,448,634,64,0,64,64,0,1,1,4294967295
tileTZGrass,448,634,64,0,64,64,0,1,1,4294967295
tileTZGrass,448,634,64,0,64,64,0,1,1,4294967295
tileTZGrass,448,634,64,0,64,64,0,1,1,4294967295
tileTZGrass,448,634,64,0,64,64,0,1,1,4294967295
tileTZGrass,448,634,64,0,64,64,0,1,1,4294967295
tileTZGrass,448,634,0,0,64,64,0,1,1,4294967295
tileTZGrass,1280,634,128,0,64,64,0,1,1,4294967295
tileTZGrass,1280,634,128,0,64,64,0,1,1,4294967295
tileTZGrass,1280,634,128,0,64,64,0,1,1,4294967295
tileTZGrass,1280,634,128,0,64,64,0,1,1,4294967295
tileTZGrass,1280,634,128,0,64,64,0,1,1,4294967295
tileTZGrass,1280,634,128,0,64,64,0,1,1,4294967295
tileTZGrass,1280,634,128,0,64,64,0,1,1,4294967295
tileTZGrass,1280,634,128,0,64,64,0,1,1,4294967295
tileTZGrass,1280,634,128,0,64,64,0,1,1,4294967295
tileTZGrass,1280,634,128,0,64,64,0,1,1,4294967295
tileTZGrass,1280,634,128,0,64,64,0,1,1,4294967295
tileTZGrass,1280,634,128,0,64,64,0,1,1,4294967295
tileTZGrass,1280,634,128,0,64,64,0,1,1,4294967295
tileTZGrass,1280,634,128,0,64,64,0,1,1,4294967295
tileTZGrass,1280,634,64,0,64,64,0,1,1,4294967295
tileTZGrass,1280,634,64,0,64,64,0,1,1,4294967295
tileTZGrass,1344,634,128,0,64,64,0,1,1,4294967295
tileTZGrass,1344,634,128,0,64,64,0,1,1,4294967295
tileTZGrass,1344,634,128,0,64,64,0,1,1,4294967295
tileTZGrass,1344,634,128,0,64,64,0,1,1,4294967295
tileTZGrass,1344,634,128,0,64,64,0,1,1,4294967295
tileTZGrass,1344,634,128,0,64,64,0,1,1,4294967295
tileTZGrass,1344,634,128,0,64,64,0,1,1,4294967295
tileTZGrass,1344,634,128,0,64,64,0,1,1,4294967295
tileTZGrass,1344,634,128,0,64,64,0,1,1,4294967295
tileTZGrass,1344,634,64,0,64,64,0,1,1,4294967295
tileTZGrass,1344,634,64,0,64,64,0,1,1,4294967295
tileTZGrass,1408,634,128,0,64,64,0,1,1,4294967295
tileTZGrass,1408,634,128,0,64,64,0,1,1,4294967295
tileTZGrass,1408,634,128,0,64,64,0,1,1,4294967295
tileTZGrass,1408,634,128,0,64,64,0,1,1,4294967295
tileTZGrass,1408,634,128,0,64,64,0,1,1,4294967295
tileTZGrass,1408,634,128,0,64,64,0,1,1,4294967295
tileTZGrass,1408,634,128,0,64,64,0,1,1,4294967295
tileTZGrass,1408,634,128,0,64,64,0,1,1,4294967295
tileTZGrass,1408,634,128,0,64,64,0,1,1,4294967295
tileTZGrass,1408,634,0,0,64,64,0,1,1,4294967295
tileTZ,2560,384,0,0,128,128,0,1,1,4294967295
tileTZ,2688,384,0,0,128,128,0,1,1,4294967295
tileTZ,2816,384,0,128,256,128,0,1,1,4294967295
tileTZ,2176,384,768,128,128,128,0,1,1,4294967295
tileTZ,3072,384,768,128,128,128,0,1,1,4294967295
tileTZ,3200,384,768,128,128,128,0,1,1,4294967295
tileTZ,3072,0,0,0,128,128,0,1,1,4294967295
tileTZ,3072,128,0,0,128,128,0,1,1,4294967295
tileTZ,3072,256,0,0,128,128,0,1,1,4294967295
tileTZ,3328,256,0,0,128,128,0,1,1,4294967295
tileTZ,3328,128,0,0,128,128,0,1,1,4294967295
tileTZ,3456,128,0,0,128,128,0,1,1,4294967295
tileTZ,3328,384,0,0,128,128,0,1,1,4294967295
tileTZ,3456,384,0,0,128,128,0,1,1,4294967295
tileTZ,3456,256,0,0,128,128,0,1,1,4294967295
tileTZ,3584,256,0,0,128,128,0,1,1,4294967295
tileTZ,3584,128,256,128,128,128,0,1,1,4294967295
tileTZ,3712,512,256,384,128,128,0,-1,-1,4294967295
tileTZ,2432,768,768,128,128,128,0,1,1,4294967295
tileTZ,2304,768,768,128,128,128,0,1,1,4294967295
tileTZ,2560,768,768,128,128,128,0,1,1,4294967295
tileTZ,2688,768,768,128,128,128,0,1,1,4294967295
tileTZ,2816,768,768,128,128,128,0,1,1,4294967295
tileTZ,2944,768,768,128,128,128,0,1,1,4294967295
tileTZ,3072,768,768,128,128,128,0,1,1,4294967295
tileTZ,3200,768,768,128,128,128,0,1,1,4294967295
tileTZ,3328,768,768,128,128,128,0,1,1,4294967295
tileTZ,3456,768,768,128,128,128,0,1,1,4294967295
tileTZ,4992,1536,256,0,128,128,0,-1,-1,4294967295
tileTZ,5120,1536,128,0,128,128,0,-1,-1,4294967295
tileTZ,4864,1536,128,0,128,128,0,1,1,4294967295
tileTZ,4864,1280,768,128,128,128,0,1,1,4294967295
tileTZ,4992,1280,768,128,128,128,0,1,1,4294967295
tileTZ,3840,256,0,0,128,128,0,1,1,4294967295
tileTZ,3968,256,0,0,128,128,0,1,1,4294967295
tileTZ,4096,256,0,0,128,128,0,1,1,4294967295
tileTZ,4224,256,0,128,256,128,0,1,1,4294967295
tileTZ,4480,128,768,128,128,128,0,1,1,4294967295
tileTZ,4480,256,768,128,128,128,0,1,1,4294967295
tileTZ,11008,1920,0,0,128,128,0,1,1,4294967295
tileTZ,11136,1920,0,0,128,128,0,1,1,4294967295
tileTZ,11264,1920,0,0,128,128,0,1,1,4294967295
tileTZ,11392,1920,0,0,128,128,0,1,1,4294967295
tileTZ,11520,1920,0,0,128,128,0,1,1,4294967295
tileTZ,11648,1920,0,0,128,128,0,1,1,4294967295
tileTZ,11776,1920,0,0,128,128,0,1,1,4294967295
tileTZ,11904,1920,0,0,128,128,0,1,1,4294967295
tileTZ,12032,1920,0,0,128,128,0,1,1,4294967295
tileTZ,12160,1920,0,0,128,128,0,1,1,4294967295
tileTZ,12288,1920,0,0,128,128,0,1,1,4294967295
tileTZ,12416,1920,0,0,128,128,0,1,1,4294967295
tileTZ,12544,1920,0,0,128,128,0,1,1,4294967295
tileTZ,12672,1920,0,0,128,128,0,1,1,4294967295
tileTZ,12672,2048,0,0,128,128,0,1,1,4294967295
tileTZ,12544,2048,0,0,128,128,0,1,1,4294967295
tileTZ,12416,2048,0,0,128,128,0,1,1,4294967295
tileTZ,12288,2048,0,0,128,128,0,1,1,4294967295
tileTZ,12160,2048,0,0,128,128,0,1,1,4294967295
tileTZ,12032,2048,0,0,128,128,0,1,1,4294967295
tileTZ,11904,2048,0,0,128,128,0,1,1,4294967295
tileTZ,11776,2048,0,0,128,128,0,1,1,4294967295
tileTZ,11648,2048,0,0,128,128,0,1,1,4294967295
tileTZ,11520,2048,0,0,128,128,0,1,1,4294967295
tileTZ,11392,2048,0,0,128,128,0,1,1,4294967295
tileTZ,11264,2048,0,0,128,128,0,1,1,4294967295
tileTZ,11136,2048,0,0,128,128,0,1,1,4294967295
tileTZ,11008,2048,0,0,128,128,0,1,1,4294967295
tileTZ,11008,2176,0,0,128,128,0,1,1,4294967295
tileTZ,11136,2176,0,0,128,128,0,1,1,4294967295
tileTZ,11264,2176,0,0,128,128,0,1,1,4294967295
tileTZ,11392,2176,0,0,128,128,0,1,1,4294967295
tileTZ,11520,2176,0,0,128,128,0,1,1,4294967295
tileTZ,11648,2176,0,0,128,128,0,1,1,4294967295
tileTZ,11776,2176,0,0,128,128,0,1,1,4294967295
tileTZ,11904,2176,0,0,128,128,0,1,1,4294967295
tileTZ,12032,2176,0,0,128,128,0,1,1,4294967295
tileTZ,12160,2176,0,0,128,128,0,1,1,4294967295
tileTZ,12288,2176,0,0,128,128,0,1,1,4294967295
tileTZ,12416,2176,0,0,128,128,0,1,1,4294967295
tileTZ,12544,2176,0,0,128,128,0,1,1,4294967295
tileTZ,12672,2176,0,0,128,128,0,1,1,4294967295
tileTZ,12672,2304,0,0,128,128,0,1,1,4294967295
tileTZ,12544,2304,0,0,128,128,0,1,1,4294967295
tileTZ,12416,2304,0,0,128,128,0,1,1,4294967295
tileTZ,12288,2304,0,0,128,128,0,1,1,4294967295
tileTZ,12160,2304,0,0,128,128,0,1,1,4294967295
tileTZ,12032,2304,0,0,128,128,0,1,1,4294967295
tileTZ,11904,2304,0,0,128,128,0,1,1,4294967295
tileTZ,11776,2304,0,0,128,128,0,1,1,4294967295
tileTZ,11648,2304,0,0,128,128,0,1,1,4294967295
tileTZ,11520,2304,0,0,128,128,0,1,1,4294967295
tileTZ,11392,2304,0,0,128,128,0,1,1,4294967295
tileTZ,11264,2304,0,0,128,128,0,1,1,4294967295
tileTZ,11008,2304,0,0,128,128,0,1,1,4294967295
tileTZ,11136,2304,0,0,128,128,0,1,1,4294967295
tileTZ,9856,2432,0,0,128,128,0,1,1,4294967295
tileTZ,9984,2432,0,0,128,128,0,1,1,4294967295
tileTZ,10112,2432,0,0,128,128,0,1,1,4294967295
tileTZ,10240,2432,0,0,128,128,0,1,1,4294967295
tileTZ,10368,2432,0,0,128,128,0,1,1,4294967295
tileTZ,10368,2560,0,0,128,128,0,1,1,4294967295
tileTZ,10240,2560,0,0,128,128,0,1,1,4294967295
tileTZ,10112,2560,0,0,128,128,0,1,1,4294967295
tileTZ,9984,2560,0,0,128,128,0,1,1,4294967295
tileTZ,9856,2560,0,0,128,128,0,1,1,4294967295
tileTZ,9856,2688,0,0,128,128,0,1,1,4294967295
tileTZ,9984,2688,0,0,128,128,0,1,1,4294967295
tileTZ,10112,2688,0,0,128,128,0,1,1,4294967295
tileTZ,10240,2688,0,0,128,128,0,1,1,4294967295
tileTZ,10368,2688,0,0,128,128,0,1,1,4294967295
tileTZ,9856,2944,0,0,128,128,0,1,1,4294967295
tileTZ,9984,2944,0,0,128,128,0,1,1,4294967295
tileTZ,10112,2944,0,0,128,128,0,1,1,4294967295
tileTZ,10240,2944,0,0,128,128,0,1,1,4294967295
tileTZ,10368,2944,0,0,128,128,0,1,1,4294967295
tileTZ,9856,3072,0,0,128,128,0,1,1,4294967295
tileTZ,9984,3072,0,0,128,128,0,1,1,4294967295
tileTZ,10112,3072,0,0,128,128,0,1,1,4294967295
tileTZ,10240,3072,0,0,128,128,0,1,1,4294967295
tileTZ,10368,3072,0,0,128,128,0,1,1,4294967295
tileTZ,12800,1280,0,0,128,128,0,1,1,4294967295
tileTZ,12800,1408,0,0,128,128,0,1,1,4294967295
tileTZ,12800,1536,0,0,128,128,0,1,1,4294967295
tileTZ,12800,1792,0,0,128,128,0,1,1,4294967295
tileTZ,12800,1664,0,0,128,128,0,1,1,4294967295
tileTZ,12800,1920,0,0,128,128,0,1,1,4294967295
tileTZ,12800,2048,0,0,128,128,0,1,1,4294967295
tileTZ,12800,2176,0,0,128,128,0,1,1,4294967295
tileTZ,12800,1152,0,0,128,128,0,1,1,4294967295
tileTZ,12800,1024,0,0,128,128,0,1,1,4294967295
tileTZ,12800,896,0,0,128,128,0,1,1,4294967295
tileTZ,12800,640,0,0,128,128,0,1,1,4294967295
tileTZ,12800,768,0,0,128,128,0,1,1,4294967295
tileTZ,13184,896,0,0,128,128,0,1,1,4294967295
tileTZ,13312,896,0,0,128,128,0,1,1,4294967295
tileTZ,13312,1024,0,0,128,128,0,1,1,4294967295
tileTZ,13312,1152,0,0,128,128,0,1,1,4294967295
tileTZ,13184,1024,0,0,128,128,0,1,1,4294967295
tileTZ,13184,1152,0,0,128,128,0,1,1,4294967295
tileTZ,13184,1280,0,0,128,128,0,1,1,4294967295
tileTZ,13312,1280,0,0,128,128,0,1,1,4294967295
tileTZ,13312,1408,0,0,128,128,0,1,1,4294967295
tileTZ,13184,1408,0,0,128,128,0,1,1,4294967295
tileTZ,13184,1536,0,0,128,128,0,1,1,4294967295
tileTZ,13312,1536,0,0,128,128,0,1,1,4294967295
tileTZ,13312,1664,0,0,128,128,0,1,1,4294967295
tileTZ,13184,1664,0,0,128,128,0,1,1,4294967295
tileTZ,13184,768,0,0,128,128,0,1,1,4294967295
tileTZ,13312,768,0,0,128,128,0,1,1,4294967295
tileTZ,13312,640,0,0,128,128,0,1,1,4294967295
tileTZ,13312,512,0,0,128,128,0,1,1,4294967295
tileTZ,13184,512,0,0,128,128,0,1,1,4294967295
tileTZ,13184,640,0,0,128,128,0,1,1,4294967295
tileTZ,13184,0,0,0,128,128,0,1,1,4294967295
tileTZ,13312,0,0,0,128,128,0,1,1,4294967295
tileTZ,13184,128,0,0,128,128,0,1,1,4294967295
tileTZ,13312,128,0,0,128,128,0,1,1,4294967295
tileTZ,13312,256,0,0,128,128,0,1,1,4294967295
tileTZ,13312,384,0,0,128,128,0,1,1,4294967295
tileTZ,13184,384,0,0,128,128,0,1,1,4294967295
tileTZ,13184,256,0,0,128,128,0,1,1,4294967295
tileTZ,15104,1408,0,0,128,128,0,1,1,4294967295
tileTZ,15232,1408,0,0,128,128,0,1,1,4294967295
tileTZ,15360,1408,0,0,128,128,0,1,1,4294967295
tileTZ,15488,1408,0,0,128,128,0,1,1,4294967295
tileTZ,15616,1408,0,0,128,128,0,1,1,4294967295
tileTZ,15744,1408,0,0,128,128,0,1,1,4294967295
tileTZ,15872,1408,0,0,128,128,0,1,1,4294967295
tileTZ,16000,1408,0,0,128,128,0,1,1,4294967295
tileTZ,15872,1280,256,0,128,128,0,1,1,4294967295
tileTZ,15488,1280,128,0,128,128,0,1,1,4294967295
tileTZ,15616,1024,256,0,128,128,0,-1,-1,4294967295
tileTZ,16000,1024,128,0,128,128,0,-1,-1,4294967295
tileTZ,16000,896,0,0,128,128,0,1,1,4294967295
tileTZ,16000,1024,0,0,128,128,0,1,1,4294967295
tileTZ,16000,1152,0,0,128,128,0,1,1,4294967295
tileTZ,16000,1280,0,0,128,128,0,1,1,4294967295
tileTZ,15360,896,0,0,128,128,0,1,1,4294967295
tileTZ,15360,1024,0,0,128,128,0,1,1,4294967295
tileTZ,15360,1152,0,0,128,128,0,1,1,4294967295
tileTZ,15360,1280,0,0,128,128,0,1,1,4294967295
tileTZ,15360,768,0,0,128,128,0,1,1,4294967295
tileTZ,15488,768,0,0,128,128,0,1,1,4294967295
tileTZ,15616,768,0,0,128,128,0,1,1,4294967295
tileTZ,15744,768,0,0,128,128,0,1,1,4294967295
tileTZ,15872,768,0,0,128,128,0,1,1,4294967295
tileTZ,16000,768,0,0,128,128,0,1,1,4294967295
tileTZ,15744,2368,640,128,128,128,0,1,1,4294967295
tileTZ,15872,2368,640,128,128,128,0,1,1,4294967295
tileTZ,16000,2368,640,128,128,128,0,1,1,4294967295
tileTZ,11008,1664,0,0,128,128,0,1,1,4294967295
tileTZ,11008,1536,0,0,128,128,0,1,1,4294967295
tileTZ,11008,1408,0,0,128,128,0,1,1,4294967295
tileTZ,11008,1280,768,128,128,128,0,1,1,4294967295
tileTZ,11008,1792,640,128,128,128,0,1,1,4294967295
tileTZ,11008,1817,768,128,128,128,0,1,0.6,4294967295
