tileTZ,6624,1408,0,0,128,128,0,1,1,4294967295
tileTZ,6752,1408,0,0,128,128,0,1,1,4294967295
tileTZ,6880,1408,0,0,128,128,0,1,1,4294967295
tileTZ,7520,1088,0,0,128,128,0,1,1,4294967295
tileTZ,7520,960,0,0,128,128,0,1,1,4294967295
tileTZ,7264,1344,0,0,128,128,0,1,1,4294967295
tileTZ,7136,1344,0,0,128,128,0,1,1,4294967295
tileTZ,7136,1216,128,0,128,128,0,1,1,4294967295
tileTZ,7008,960,0,0,128,128,0,1,1,4294967295
tileTZ,7008,1088,0,0,128,128,0,1,1,4294967295
tileTZ,7008,1216,0,0,128,128,0,1,1,4294967295
tileTZ,7264,1088,256,0,128,128,0,-1,-1,4294967295
tileTZ,7520,1088,128,0,128,128,0,-1,-1,4294967295
tileTZ,6816,1664,64,0,64,64,0,1,1,4294967295
tileTZ,6752,1664,64,0,64,64,0,1,1,4294967295
tileTZ,6688,1664,64,0,64,64,0,1,1,4294967295
tileTZ,6624,1664,64,0,64,64,0,1,1,4294967295
tileTZ,6816,1728,64,0,64,64,0,1,1,4294967295
tileTZ,6752,1728,64,0,64,64,0,1,1,4294967295
tileTZ,7904,1344,0,0,128,128,0,1,1,4294967295
tileTZ,8032,1344,0,0,128,128,0,1,1,4294967295
tileTZ,8160,1344,0,0,128,128,0,1,1,4294967295
tileTZ,8288,1344,0,0,128,128,0,1,1,4294967295
tileTZ,1024,384,896,0,128,256,0,1,1,4294967295
tileTZ,704,384,896,0,128,256,0,1,1,4294967295
tileTZ,512,384,896,0,128,256,0,1,1,4294967295
tileTZ,1600,1024,896,0,128,256,0,1,1,4294967295
tileTZ,2752,1024,896,0,128,256,0,1,1,4294967295
tileTZ,2880,1024,896,0,128,256,0,1,1,4294967295
tileTZ,3008,1024,896,0,128,256,0,1,1,4294967295
tileTZ,3136,1024,896,0,128,256,0,1,1,4294967295
tileTZ,3264,1024,896,0,128,256,0,1,1,4294967295
tileTZ,3840,1664,896,0,128,256,0,1,1,4294967295
