tileTZ,4736,1792,0,384,128,128,0,1,1,4294967295
tileTZ,4864,1792,0,384,128,128,0,1,1,4294967295
tileTZ,4992,1792,0,384,128,128,0,1,1,4294967295
tileTZ,5120,1792,0,384,128,128,0,1,1,4294967295
tileTZ,5248,1792,0,384,128,128,0,1,1,4294967295
tileTZ,5376,1792,0,384,128,128,0,1,1,4294967295
tileTZ,5504,1792,0,384,128,128,0,1,1,4294967295
tileTZ,5632,1792,0,384,128,128,0,1,1,4294967295
tileTZ,5760,1792,0,384,128,128,0,1,1,4294967295
tileTZ,5888,1792,0,384,128,128,0,1,1,4294967295
tileTZ,6016,1792,0,384,128,128,0,1,1,4294967295
tileTZ,6144,1792,0,384,128,128,0,1,1,4294967295
tileTZ,6272,1792,0,384,128,128,0,1,1,4294967295
tileTZ,6400,1792,0,384,128,128,0,1,1,4294967295
tileTZ,6528,1792,0,384,128,128,0,1,1,4294967295
tileTZ,6656,1792,0,384,128,128,0,1,1,4294967295
tileTZ,6784,1792,0,384,128,128,0,1,1,4294967295
tileTZ,6656,1920,0,384,128,128,0,1,1,4294967295
tileTZ,6784,1920,0,384,128,128,0,1,1,4294967295
tileTZ,6912,1920,0,384,128,128,0,1,1,4294967295
tileTZ,6656,2048,0,384,128,128,0,1,1,4294967295
tileTZ,6784,2048,0,384,128,128,0,1,1,4294967295
tileTZ,6912,2048,0,384,128,128,0,1,1,4294967295
tileTZ,7040,1920,0,384,128,128,0,1,1,4294967295
tileTZ,7168,1920,0,384,128,128,0,1,1,4294967295
tileTZ,7296,1920,0,384,128,128,0,1,1,4294967295
tileTZ,7424,1920,0,384,128,128,0,1,1,4294967295
tileTZ,7552,1920,0,384,128,128,0,1,1,4294967295
tileTZ,6528,1920,0,384,128,128,0,1,1,4294967295
tileTZ,6528,2176,0,384,128,128,0,1,1,4294967295
tileTZ,6528,2048,0,384,128,128,0,1,1,4294967295
tileTZ,6528,2304,0,384,128,128,0,1,1,4294967295
tileTZ,6400,1920,0,384,128,128,0,1,1,4294967295
tileTZ,6400,2048,0,384,128,128,0,1,1,4294967295
tileTZ,6400,2176,0,384,128,128,0,1,1,4294967295
tileTZ,6400,2304,0,384,128,128,0,1,1,4294967295
tileTZ,6272,1920,0,384,128,128,0,1,1,4294967295
tileTZ,6144,1920,0,384,128,128,0,1,1,4294967295
tileTZ,6016,1920,0,384,128,128,0,1,1,4294967295
tileTZ,5888,1920,0,384,128,128,0,1,1,4294967295
tileTZ,5760,1920,0,384,128,128,0,1,1,4294967295
tileTZ,5632,1920,0,384,128,128,0,1,1,4294967295
tileTZ,5504,1920,0,384,128,128,0,1,1,4294967295
tileTZ,5376,1920,0,384,128,128,0,1,1,4294967295
tileTZ,5120,1920,0,384,128,128,0,1,1,4294967295
tileTZ,5248,1920,0,384,128,128,0,1,1,4294967295
tileTZ,5248,2048,0,384,128,128,0,1,1,4294967295
tileTZ,5120,2048,0,384,128,128,0,1,1,4294967295
tileTZ,4736,1920,0,384,128,128,0,1,1,4294967295
tileTZ,4864,1920,0,384,128,128,0,1,1,4294967295
tileTZ,4992,1920,0,384,128,128,0,1,1,4294967295
tileTZ,4992,2048,0,384,128,128,0,1,1,4294967295
tileTZ,4864,2048,0,384,128,128,0,1,1,4294967295
tileTZ,4736,2048,0,384,128,128,0,1,1,4294967295
tileTZ,4096,2176,0,384,128,128,0,1,1,4294967295
tileTZ,4224,2176,0,384,128,128,0,1,1,4294967295
tileTZ,5120,2176,0,384,128,128,0,1,1,4294967295
tileTZ,5248,2176,0,384,128,128,0,1,1,4294967295
tileTZ,5376,2048,0,384,128,128,0,1,1,4294967295
tileTZ,5376,2176,0,384,128,128,0,1,1,4294967295
tileTZ,7264,960,0,384,128,128,0,1,1,4294967295
tileTZ,7392,960,0,384,128,128,0,1,1,4294967295
tileTZ,7520,960,0,384,128,128,0,1,1,4294967295
tileTZ,7520,1088,0,384,128,128,0,1,1,4294967295
tileTZ,7392,1088,0,384,128,128,0,1,1,4294967295
tileTZ,7264,1088,0,384,128,128,0,1,1,4294967295
tileTZ,7264,1216,0,384,128,128,0,1,1,4294967295
tileTZ,7392,1216,0,384,128,128,0,1,1,4294967295
tileTZ,7520,1216,0,384,128,128,0,1,1,4294967295
tileTZ,768,736,0,384,128,128,0,1,1,4294967295
tileTZ,896,736,0,384,128,128,0,1,1,4294967295
tileTZ,7392,1344,0,384,128,128,0,1,1,4294967295
tileTZ,7136,960,0,384,128,128,0,1,1,4294967295
tileTZ,7136,1088,0,384,128,128,0,1,1,4294967295
tileTZ,7136,1216,0,384,128,128,0,1,1,4294967295
tileTZ,6912,1792,0,384,128,128,0,1,1,4294967295
tileTZ,7040,1792,0,384,128,128,0,1,1,4294967295
tileTZ,7168,1792,0,384,128,128,0,1,1,4294967295
tileTZ,7296,1792,0,384,128,128,0,1,1,4294967295
tileTZ,7424,1792,0,384,128,128,0,1,1,4294967295
tileTZ,7552,1792,0,384,128,128,0,1,1,4294967295
tileTZ,7040,2048,0,384,128,128,0,1,1,4294967295
tileTZ,7168,2048,0,384,128,128,0,1,1,4294967295
tileTZ,7296,2048,0,384,128,128,0,1,1,4294967295
tileTZ,7424,2048,0,384,128,128,0,1,1,4294967295
tileTZ,7552,2048,0,384,128,128,0,1,1,4294967295
tileTZ,7680,1920,0,384,128,128,0,1,1,4294967295
tileTZ,7680,2048,0,384,128,128,0,1,1,4294967295
tileTZ,17152,2016,0,384,128,128,0,1,1,4294967295
tileTZ,17280,2016,0,384,128,128,0,1,1,4294967295
tileTZ,17408,2016,0,384,128,128,0,1,1,4294967295
tileTZ,17536,2016,0,384,128,128,0,1,1,4294967295
tileTZ,17408,2144,0,384,128,128,0,1,1,4294967295
tileTZ,17536,2144,0,384,128,128,0,1,1,4294967295
tileTZ,17408,2272,0,384,128,128,0,1,1,4294967295
tileTZ,17536,2272,0,384,128,128,0,1,1,4294967295
tileTZ,17408,2400,0,384,128,128,0,1,1,4294967295
tileTZ,17536,2400,0,384,128,128,0,1,1,4294967295
tileTZ,17408,2528,0,384,128,128,0,1,1,4294967295
tileTZ,17536,2528,0,384,128,128,0,1,1,4294967295
tileTZ,17408,2656,0,384,128,128,0,1,1,4294967295
tileTZ,17536,2656,0,384,128,128,0,1,1,4294967295
tileTZ,17152,2144,0,384,128,128,0,1,1,4294967295
tileTZ,17408,1440,0,448,128,64,0,1,1,4294967295
tileTZ,17408,1504,0,384,128,128,0,1,1,4294967295
tileTZ,17408,1632,0,384,128,128,0,1,1,4294967295
tileTZ,17408,1760,0,384,128,128,0,1,1,4294967295
tileTZ,17536,1632,0,384,128,128,0,1,1,4294967295
tileTZ,17536,1760,0,384,128,128,0,1,1,4294967295
tileTZ,8032,1728,0,384,128,128,0,1,1,4294967295
tileTZ,8160,1728,0,384,128,128,0,1,1,4294967295
tileTZ,8032,1856,0,384,128,128,0,1,1,4294967295
tileTZ,8160,1856,0,384,128,128,0,1,1,4294967295
tileTZ,8032,1984,0,384,128,128,0,1,1,4294967295
tileTZ,8160,1984,0,384,128,128,0,1,1,4294967295
tileTZ,8160,2112,0,384,128,128,0,1,1,4294967295
tileTZ,8032,2112,0,384,128,128,0,1,1,4294967295
tileTZ,8160,2240,0,384,128,128,0,1,1,4294967295
tileTZ,8032,2240,0,384,128,128,0,1,1,4294967295
tileTZ,8160,2368,0,384,128,128,0,1,1,4294967295
tileTZ,8032,2368,0,384,128,128,0,1,1,4294967295
tileTZ,8160,2496,0,384,128,128,0,1,1,4294967295
tileTZ,8032,2496,0,384,128,128,0,1,1,4294967295
tileTZ,8160,2624,0,384,128,128,0,1,1,4294967295
tileTZ,8032,2624,0,384,128,128,0,1,1,4294967295
tileTZ,8032,2752,0,384,128,128,0,1,1,4294967295
tileTZ,8160,2752,0,384,128,128,0,1,1,4294967295
tileTZ,8160,2880,0,384,128,128,0,1,1,4294967295
tileTZ,8032,2880,0,384,128,128,0,1,1,4294967295
tileTZ,8032,3008,0,384,128,128,0,1,1,4294967295
tileTZ,8160,3008,0,384,128,128,0,1,1,4294967295
tileTZ,7904,2496,0,384,128,128,0,1,1,4294967295
tileTZ,7904,2624,0,384,128,128,0,1,1,4294967295
tileTZ,7904,2752,0,384,128,128,0,1,1,4294967295
tileTZ,7904,2880,0,384,128,128,0,1,1,4294967295
tileTZ,7904,3008,0,384,128,128,0,1,1,4294967295
tileTZ,7776,2496,0,384,128,128,0,1,1,4294967295
tileTZ,7776,2624,0,384,128,128,0,1,1,4294967295
tileTZ,7776,2752,0,384,128,128,0,1,1,4294967295
tileTZ,7776,2880,0,384,128,128,0,1,1,4294967295
tileTZ,7776,3008,0,384,128,128,0,1,1,4294967295
tileTZ,7648,2496,0,384,128,128,0,1,1,4294967295
tileTZ,7648,2624,0,384,128,128,0,1,1,4294967295
tileTZ,7648,2752,0,384,128,128,0,1,1,4294967295
tileTZ,7648,2880,0,384,128,128,0,1,1,4294967295
tileTZ,7648,3008,0,384,128,128,0,1,1,4294967295
tileTZ,8288,2624,0,384,128,128,0,1,1,4294967295
tileTZ,8416,2624,0,384,128,128,0,1,1,4294967295
tileTZ,8288,2752,0,384,128,128,0,1,1,4294967295
tileTZ,8416,2752,0,384,128,128,0,1,1,4294967295
tileTZ,8288,2880,0,384,128,128,0,1,1,4294967295
tileTZ,8416,2880,0,384,128,128,0,1,1,4294967295
tileTZ,8288,3008,0,384,128,128,0,1,1,4294967295
tileTZ,8416,3008,0,384,128,128,0,1,1,4294967295
tileTZ,8288,1472,0,384,128,128,0,1,1,4294967295
tileTZ,8288,1600,0,384,128,128,0,1,1,4294967295
tileTZ,8288,2368,0,384,128,128,0,1,1,4294967295
tileTZ,8288,2240,0,384,128,128,0,1,1,4294967295
tileTZ,8288,2112,0,384,128,128,0,1,1,4294967295
tileTZ,8288,1984,0,384,128,128,0,1,1,4294967295
tileTZ,8288,1856,0,384,128,128,0,1,1,4294967295
tileTZ,8288,1728,0,384,128,128,0,1,1,4294967295
tileTZ,7904,1728,0,384,128,128,0,1,1,4294967295
tileTZ,7776,1728,0,384,128,128,0,1,1,4294967295
tileTZ,7648,1728,0,384,128,128,0,1,1,4294967295
tileTZ,640,896,0,384,128,128,0,1,1,4294967295
tileTZ,768,896,0,384,128,128,0,1,1,4294967295
tileTZ,896,896,0,384,128,128,0,1,1,4294967295
tileTZ,1024,896,0,384,128,128,0,1,1,4294967295
tileTZ,1152,896,0,384,128,128,0,1,1,4294967295
tileTZ,1152,1024,0,384,128,128,0,1,1,4294967295
tileTZ,1024,1024,0,384,128,128,0,1,1,4294967295
tileTZ,896,1024,0,384,128,128,0,1,1,4294967295
tileTZ,768,1024,0,384,128,128,0,1,1,4294967295
tileTZ,640,1024,0,384,128,128,0,1,1,4294967295
tileTZ,1920,1536,0,384,128,128,0,1,1,4294967295
tileTZ,2048,1536,0,384,128,128,0,1,1,4294967295
tileTZ,2176,1536,0,384,128,128,0,1,1,4294967295
tileTZ,2304,1536,0,384,128,128,0,1,1,4294967295
tileTZ,2432,1536,0,384,128,128,0,1,1,4294967295
tileTZ,2560,1536,0,384,128,128,0,1,1,4294967295
tileTZ,1920,1664,0,384,128,128,0,1,1,4294967295
tileTZ,2048,1664,0,384,128,128,0,1,1,4294967295
tileTZ,2176,1664,0,384,128,128,0,1,1,4294967295
tileTZ,2304,1664,0,384,128,128,0,1,1,4294967295
tileTZ,2432,1664,0,384,128,128,0,1,1,4294967295
tileTZ,2560,1664,0,384,128,128,0,1,1,4294967295
tileTZ,1920,1280,0,384,128,128,0,1,1,4294967295
tileTZ,2048,1280,0,384,128,128,0,1,1,4294967295
tileTZ,2176,1280,0,384,128,128,0,1,1,4294967295
tileTZ,2304,1280,0,384,128,128,0,1,1,4294967295
tileTZ,2432,1280,0,384,128,128,0,1,1,4294967295
tileTZ,2560,1280,0,384,128,128,0,1,1,4294967295
tileTZ,2560,1408,0,384,128,128,0,1,1,4294967295
tileTZ,2432,1408,0,384,128,128,0,1,1,4294967295
tileTZ,2304,1408,0,384,128,128,0,1,1,4294967295
tileTZ,2176,1408,0,384,128,128,0,1,1,4294967295
tileTZ,2048,1408,0,384,128,128,0,1,1,4294967295
tileTZ,1920,1408,0,384,128,128,0,1,1,4294967295
tileTZ,2688,1664,0,384,128,128,0,1,1,4294967295
tileTZ,2688,1536,0,384,128,128,0,1,1,4294967295
tileTZ,2816,1536,0,384,128,128,0,1,1,4294967295
tileTZ,2944,1536,0,384,128,128,0,1,1,4294967295
tileTZ,3200,1664,0,384,128,128,0,1,1,4294967295
tileTZ,3328,1664,0,384,128,128,0,1,1,4294967295
tileTZ,3456,1664,0,384,128,128,0,1,1,4294967295
tileTZ,3584,1664,0,384,128,128,0,1,1,4294967295
tileTZ,3712,1664,0,384,128,128,0,1,1,4294967295
tileTZ,3712,1792,0,384,128,128,0,1,1,4294967295
tileTZ,3584,1792,0,384,128,128,0,1,1,4294967295
tileTZ,3456,1792,0,384,128,128,0,1,1,4294967295
tileTZ,3328,1792,0,384,128,128,0,1,1,4294967295
tileTZ,3200,1792,0,384,128,128,0,1,1,4294967295
tileTZ,2560,640,0,384,128,128,0,1,1,4294967295
tileTZ,2688,640,0,384,128,128,0,1,1,4294967295
tileTZ,2816,640,0,384,128,128,0,1,1,4294967295
tileTZ,2944,640,0,384,128,128,0,1,1,4294967295
tileTZ,3072,640,0,384,128,128,0,1,1,4294967295
tileTZ,3200,640,0,384,128,128,0,1,1,4294967295
tileTZ,3328,640,0,384,128,128,0,1,1,4294967295
tileTZ,3456,640,0,384,128,128,0,1,1,4294967295
tileTZ,3456,768,0,384,128,128,0,1,1,4294967295
tileTZ,3328,768,0,384,128,128,0,1,1,4294967295
tileTZ,3200,768,0,384,128,128,0,1,1,4294967295
tileTZ,3072,768,0,384,128,128,0,1,1,4294967295
tileTZ,2944,768,0,384,128,128,0,1,1,4294967295
tileTZ,2816,768,0,384,128,128,0,1,1,4294967295
tileTZ,2688,768,0,384,128,128,0,1,1,4294967295
tileTZ,2560,768,0,384,128,128,0,1,1,4294967295
tileTZ,3584,512,0,384,128,128,0,1,1,4294967295
tileTZ,3584,640,0,384,128,128,0,1,1,4294967295
tileTZ,3584,768,0,384,128,128,0,1,1,4294967295
tileTZ,3456,512,0,384,128,128,0,1,1,4294967295
tileTZ,3328,512,0,384,128,128,0,1,1,4294967295
tileTZ,3200,512,0,384,128,128,0,1,1,4294967295
tileTZ,3072,512,0,384,128,128,0,1,1,4294967295
tileTZ,2944,512,0,384,128,128,0,1,1,4294967295
tileTZ,2816,512,0,384,128,128,0,1,1,4294967295
tileTZ,2688,512,0,384,128,128,0,1,1,4294967295
tileTZ,2560,512,0,384,128,128,0,1,1,4294967295
tileTZ,3584,384,0,384,128,128,0,1,1,4294967295
tileTZ,3840,768,0,384,128,128,0,1,1,4294967295
tileTZ,3840,896,0,384,128,128,0,1,1,4294967295
tileTZ,3840,1024,0,384,128,128,0,1,1,4294967295
tileTZ,3840,1152,0,384,128,128,0,1,1,4294967295
tileTZ,3840,1280,0,384,128,128,0,1,1,4294967295
tileTZ,3840,1408,0,384,128,128,0,1,1,4294967295
tileTZ,3840,1536,0,384,128,128,0,1,1,4294967295
tileTZ,3840,1664,0,384,128,128,0,1,1,4294967295
tileTZ,3840,1792,0,384,128,128,0,1,1,4294967295
tileTZ,3968,1792,0,384,128,128,0,1,1,4294967295
tileTZ,3968,1664,0,384,128,128,0,1,1,4294967295
tileTZ,3968,1536,0,384,128,128,0,1,1,4294967295
tileTZ,3968,1408,0,384,128,128,0,1,1,4294967295
tileTZ,3968,1280,0,384,128,128,0,1,1,4294967295
tileTZ,3968,1152,0,384,128,128,0,1,1,4294967295
tileTZ,3968,1024,0,384,128,128,0,1,1,4294967295
tileTZ,3968,896,0,384,128,128,0,1,1,4294967295
tileTZ,3968,768,0,384,128,128,0,1,1,4294967295
tileTZ,3840,640,0,384,128,128,0,1,1,4294967295
tileTZ,3968,640,0,384,128,128,0,1,1,4294967295
tileTZ,3968,512,0,384,128,128,0,1,1,4294967295
tileTZ,3840,512,0,384,128,128,0,1,1,4294967295
tileTZ,4096,512,0,384,128,128,0,1,1,4294967295
tileTZ,4224,512,0,384,128,128,0,1,1,4294967295
tileTZ,4352,512,0,384,128,128,0,1,1,4294967295
tileTZ,4480,384,0,384,128,128,0,1,1,4294967295
tileTZ,4480,512,0,384,128,128,0,1,1,4294967295
tileTZ,4480,640,0,384,128,128,0,1,1,4294967295
tileTZ,4480,768,0,384,128,128,0,1,1,4294967295
tileTZ,4352,640,0,384,128,128,0,1,1,4294967295
tileTZ,4224,640,0,384,128,128,0,1,1,4294967295
tileTZ,4096,640,0,384,128,128,0,1,1,4294967295
tileTZ,4096,768,0,384,128,128,0,1,1,4294967295
tileTZ,4224,768,0,384,128,128,0,1,1,4294967295
tileTZ,4352,768,0,384,128,128,0,1,1,4294967295
tileTZ,4352,896,0,384,128,128,0,1,1,4294967295
tileTZ,4224,896,0,384,128,128,0,1,1,4294967295
tileTZ,4096,896,0,384,128,128,0,1,1,4294967295
tileTZ,4480,896,0,384,128,128,0,1,1,4294967295
tileTZ,4480,1024,0,384,128,128,0,1,1,4294967295
tileTZ,4352,1024,0,384,128,128,0,1,1,4294967295
tileTZ,4224,1024,0,384,128,128,0,1,1,4294967295
tileTZ,4096,1024,0,384,128,128,0,1,1,4294967295
tileTZ,4096,1152,0,384,128,128,0,1,1,4294967295
tileTZ,4224,1152,0,384,128,128,0,1,1,4294967295
tileTZ,4352,1152,0,384,128,128,0,1,1,4294967295
tileTZ,4480,1152,0,384,128,128,0,1,1,4294967295
tileTZ,3840,384,0,384,128,128,0,1,1,4294967295
tileTZ,3968,384,0,384,128,128,0,1,1,4294967295
tileTZ,4096,384,0,384,128,128,0,1,1,4294967295
tileTZ,4224,384,0,384,128,128,0,1,1,4294967295
tileTZ,4352,384,0,384,128,128,0,1,1,4294967295
tileTZ,4480,256,0,384,128,128,0,1,1,4294967295
tileTZ,9856,2816,0,384,128,128,0,1,1,4294967295
tileTZ,9984,2816,0,384,128,128,0,1,1,4294967295
tileTZ,10112,2816,0,384,128,128,0,1,1,4294967295
tileTZ,10240,2816,0,384,128,128,0,1,1,4294967295
tileTZ,10368,2816,0,384,128,128,0,1,1,4294967295
tileTZ,11008,2432,0,384,128,128,0,1,1,4294967295
tileTZ,11136,2432,0,384,128,128,0,1,1,4294967295
tileTZ,11264,2432,0,384,128,128,0,1,1,4294967295
tileTZ,11392,2432,0,384,128,128,0,1,1,4294967295
tileTZ,11520,2432,0,384,128,128,0,1,1,4294967295
tileTZ,11648,2432,0,384,128,128,0,1,1,4294967295
tileTZ,11776,2432,0,384,128,128,0,1,1,4294967295
tileTZ,11904,2432,0,384,128,128,0,1,1,4294967295
tileTZ,11008,2560,0,384,128,128,0,1,1,4294967295
tileTZ,11136,2560,0,384,128,128,0,1,1,4294967295
tileTZ,11264,2560,0,384,128,128,0,1,1,4294967295
tileTZ,11392,2560,0,384,128,128,0,1,1,4294967295
tileTZ,11136,2688,0,384,128,128,0,1,1,4294967295
tileTZ,11008,2688,0,384,128,128,0,1,1,4294967295
tileTZ,11008,2816,0,384,128,128,0,1,1,4294967295
tileTZ,11136,2816,0,384,128,128,0,1,1,4294967295
tileTZ,11008,2944,0,384,128,128,0,1,1,4294967295
tileTZ,11136,2944,0,384,128,128,0,1,1,4294967295
tileTZ,11008,3072,0,384,128,128,0,1,1,4294967295
tileTZ,11136,3072,0,384,128,128,0,1,1,4294967295
tileTZ,11264,2688,0,384,128,128,0,1,1,4294967295
tileTZ,11392,2688,0,384,128,128,0,1,1,4294967295
tileTZ,11520,2688,0,384,128,128,0,1,1,4294967295
tileTZ,11520,2560,0,384,128,128,0,1,1,4294967295
tileTZ,11648,2560,0,384,128,128,0,1,1,4294967295
tileTZ,11776,2560,0,384,128,128,0,1,1,4294967295
tileTZ,11776,2688,0,384,128,128,0,1,1,4294967295
tileTZ,11648,2688,0,384,128,128,0,1,1,4294967295
tileTZ,11904,2560,0,384,128,128,0,1,1,4294967295
tileTZ,11904,2688,0,384,128,128,0,1,1,4294967295
tileTZ,12032,2432,0,384,128,128,0,1,1,4294967295
tileTZ,12160,2432,0,384,128,128,0,1,1,4294967295
tileTZ,12288,2432,0,384,128,128,0,1,1,4294967295
tileTZ,12416,2432,0,384,128,128,0,1,1,4294967295
tileTZ,12544,2432,0,384,128,128,0,1,1,4294967295
tileTZ,12672,2432,0,384,128,128,0,1,1,4294967295
tileTZ,12672,2560,0,384,128,128,0,1,1,4294967295
tileTZ,12544,2560,0,384,128,128,0,1,1,4294967295
tileTZ,12416,2560,0,384,128,128,0,1,1,4294967295
tileTZ,12288,2560,0,384,128,128,0,1,1,4294967295
tileTZ,12160,2560,0,384,128,128,0,1,1,4294967295
tileTZ,12032,2560,0,384,128,128,0,1,1,4294967295
tileTZ,12032,2688,0,384,128,128,0,1,1,4294967295
tileTZ,12160,2688,0,384,128,128,0,1,1,4294967295
tileTZ,12288,2688,0,384,128,128,0,1,1,4294967295
tileTZ,12416,2688,0,384,128,128,0,1,1,4294967295
tileTZ,12544,2688,0,384,128,128,0,1,1,4294967295
tileTZ,12672,2688,0,384,128,128,0,1,1,4294967295
tileTZ,12672,2816,0,384,128,128,0,1,1,4294967295
tileTZ,12544,2816,0,384,128,128,0,1,1,4294967295
tileTZ,12416,2816,0,384,128,128,0,1,1,4294967295
tileTZ,12288,2816,0,384,128,128,0,1,1,4294967295
tileTZ,12160,2816,0,384,128,128,0,1,1,4294967295
tileTZ,15104,1536,0,384,128,128,0,1,1,4294967295
tileTZ,15232,1536,0,384,128,128,0,1,1,4294967295
tileTZ,15360,1536,0,384,128,128,0,1,1,4294967295
tileTZ,15488,1536,0,384,128,128,0,1,1,4294967295
tileTZ,15616,1536,0,384,128,128,0,1,1,4294967295
tileTZ,15744,1536,0,384,128,128,0,1,1,4294967295
tileTZ,15872,1536,0,384,128,128,0,1,1,4294967295
tileTZ,16000,1536,0,384,128,128,0,1,1,4294967295
tileTZ,16000,1664,0,384,128,128,0,1,1,4294967295
tileTZ,15872,1664,0,384,128,128,0,1,1,4294967295
tileTZ,15744,1664,0,384,128,128,0,1,1,4294967295
tileTZ,15616,1664,0,384,128,128,0,1,1,4294967295
tileTZ,15488,1664,0,384,128,128,0,1,1,4294967295
tileTZ,15360,1664,0,384,128,128,0,1,1,4294967295
tileTZ,15232,1664,0,384,128,128,0,1,1,4294967295
tileTZ,15104,1664,0,384,128,128,0,1,1,4294967295
tileTZ,15104,1792,0,384,128,128,0,1,1,4294967295
tileTZ,15232,1792,0,384,128,128,0,1,1,4294967295
tileTZ,15360,1792,0,384,128,128,0,1,1,4294967295
tileTZ,15488,1792,0,384,128,128,0,1,1,4294967295
tileTZ,15616,1792,0,384,128,128,0,1,1,4294967295
tileTZ,15744,1792,0,384,128,128,0,1,1,4294967295
tileTZ,15872,1792,0,384,128,128,0,1,1,4294967295
tileTZ,16000,1792,0,384,128,128,0,1,1,4294967295
tileTZ,15872,1920,0,384,128,128,0,1,1,4294967295
tileTZ,15744,1920,0,384,128,128,0,1,1,4294967295
tileTZ,15616,1920,0,384,128,128,0,1,1,4294967295
tileTZ,16000,1920,0,384,128,128,0,1,1,4294967295
tileTZ,15488,1920,0,384,128,128,0,1,1,4294967295
tileTZ,15360,1920,0,384,128,128,0,1,1,4294967295
tileTZ,15232,1920,0,384,128,128,0,1,1,4294967295
tileTZ,15104,1920,0,384,128,128,0,1,1,4294967295
tileTZ,15104,2048,0,384,128,128,0,1,1,4294967295
tileTZ,15232,2048,0,384,128,128,0,1,1,4294967295
tileTZ,15360,2048,0,384,128,128,0,1,1,4294967295
tileTZ,15488,2048,0,384,128,128,0,1,1,4294967295
tileTZ,15616,2048,0,384,128,128,0,1,1,4294967295
tileTZ,15744,2048,0,384,128,128,0,1,1,4294967295
tileTZ,15872,2048,0,384,128,128,0,1,1,4294967295
tileTZ,16000,2048,0,384,128,128,0,1,1,4294967295
tileTZ,15872,2176,0,384,128,128,0,1,1,4294967295
tileTZ,16000,2176,0,384,128,128,0,1,1,4294967295
tileTZ,15744,2176,0,384,128,128,0,1,1,4294967295
tileTZ,15616,2176,0,384,128,128,0,1,1,4294967295
tileTZ,15488,2176,0,384,128,128,0,1,1,4294967295
tileTZ,15360,2176,0,384,128,128,0,1,1,4294967295
tileTZ,15232,2176,0,384,128,128,0,1,1,4294967295
tileTZ,15104,2176,0,384,128,128,0,1,1,4294967295
tileTZ,15104,2304,0,384,128,128,0,1,1,4294967295
tileTZ,15232,2304,0,384,128,128,0,1,1,4294967295
tileTZ,15360,2304,0,384,128,128,0,1,1,4294967295
tileTZ,15488,2304,0,384,128,128,0,1,1,4294967295
tileTZ,15616,2304,0,384,128,128,0,1,1,4294967295
tileTZ,15744,2304,0,384,128,128,0,1,1,4294967295
tileTZ,15872,2304,0,384,128,128,0,1,1,4294967295
tileTZ,16000,2304,0,384,128,128,0,1,1,4294967295
tileTZ,15104,2432,0,384,128,128,0,1,1,4294967295
tileTZ,15104,2560,0,384,128,128,0,1,1,4294967295
tileTZ,15488,896,0,384,128,128,0,1,1,4294967295
tileTZ,15616,896,0,384,128,128,0,1,1,4294967295
tileTZ,15744,896,0,384,128,128,0,1,1,4294967295
tileTZ,15872,896,0,384,128,128,0,1,1,4294967295
tileTZ,15872,1024,0,384,128,128,0,1,1,4294967295
tileTZ,15744,1024,0,384,128,128,0,1,1,4294967295
tileTZ,15616,1024,0,384,128,128,0,1,1,4294967295
tileTZ,15488,1024,0,384,128,128,0,1,1,4294967295
tileTZ,15488,1152,0,384,128,128,0,1,1,4294967295
tileTZ,15616,1152,0,384,128,128,0,1,1,4294967295
tileTZ,15744,1152,0,384,128,128,0,1,1,4294967295
tileTZ,15872,1152,0,384,128,128,0,1,1,4294967295
tileTZ,15872,1280,0,384,128,128,0,1,1,4294967295
tileTZ,15744,1280,0,384,128,128,0,1,1,4294967295
tileTZ,15616,1280,0,384,128,128,0,1,1,4294967295
tileTZ,15488,1280,0,384,128,128,0,1,1,4294967295
tileTZ,15744,2432,0,384,128,128,0,1,1,4294967295
tileTZ,15872,2432,0,384,128,128,0,1,1,4294967295
tileTZ,16000,2432,0,384,128,128,0,1,1,4294967295
tileTZ,15744,2560,0,384,128,128,0,1,1,4294967295
tileTZ,15872,2560,0,384,128,128,0,1,1,4294967295
tileTZ,16000,2560,0,384,128,128,0,1,1,4294967295
tileTZ,15744,2688,0,384,128,128,0,1,1,4294967295
tileTZ,15872,2688,0,384,128,128,0,1,1,4294967295
tileTZ,16000,2688,0,384,128,128,0,1,1,4294967295
