objParallaxLayer,0,-128,FBBAF6CD,0,1,1,4294967295,0,1
objParallaxLayer,0,96,BC93E87D,0,1,1,4294967295,0,1
objParallaxLayerAnimated,0,160,9819D2B8,0,1,1,4294967295,0,1
objZoomCameraSensor,11232,928,B96E257A,0,9,2.5,4294967295,0,1
objZoomCameraSensor,10816,928,499F7D47,0,6.5,2.5,4294967295,0,1
objZoomCameraSensor,11808,928,2E62C713,0,11,2.5,4294967295,0,1
objHideHUDSensor,4608,512,002C2DAF,0,6.25,2.25,4294967295,0,0
objHideHUDSensor,17440,1056,9066C29A,0,8.25,2.5,4294967295,0,0
objOffsetCameraSensor,8576,960,40F7BFB9,0,27.5,2,4294967295,0,1
objFootstepSensorStone,1472,960,F746A831,0,2,3.2708333333333,4294967295,0,0
objFootstepSensorStone,2689,1537,7A0C745B,0,11.96875,1.3229166666667,4294967295,0,0
objFootstepSensorStone,2880,896,6F02CB26,0,2,4,4294967295,0,0
objFootstepSensorGrass,5824,1792,8297A993,0,3,2,4294967295,0,0
objFootstepSensorStone,5728,1792,5738A350,0,3,2,4294967295,0,0
objFootstepSensorWood,8896,2016,B3D3DF4E,0,9,0.6666666666667,4294967295,0,0
objFootstepSensorStone,9856,1888,C8DC8C09,0,5,11,4294967295,0,0
objFootstepSensorStone,17024,2016,00F0BB4C,0,4,2.6666666666667,4294967295,0,0
objFootstepSensorStone,6464,1792,1B1C0928,0,3,2.33333333,4294967295,0,0
objFootstepSensorGrass,6368,1792,81FD3CDE,0,3,2,4294967295,0,0
objFootstepSensorGrass,2624,0,98B6FF43,0,8,4.6666666666667,4294967295,0,0
objFootstepSensorStone,2560,0,58D561A3,0,2,4,4294967295,0,0
objFootstepSensorStone,2880,0,75CAC6C8,0,2,4.6666666666667,4294967295,0,0
objFootstepSensorGrass,384,576,D230AD76,0,34,0.6666666666667,4294967295,0,0
objFootstepSensorStone,1472,512,69D883E2,0,6,1.3333333333333,4294967295,0,0
objFootstepSensorStone,320,128,CCDAE659,0,2,5.3333333333333,4294967295,0,0
objFootstepSensorStone,1152,128,BFBAC98B,0,4,2.6666666666667,4294967295,0,0
objFootstepSensorGrass,1792,896,B75E5547,0,2,4,4294967295,0,0
objFootstepSensorGrass,2688,1216,F2F52EFE,0,6,0.6666666666667,4294967295,0,0
objFootstepSensorStone,1664,128,07268D20,0,4,2.6666667461395,4294967295,0,0
objFootstepSensorWood,1280,320,81B9931F,0,12,0.6666666666667,4294967295,0,0
objFootstepSensorStone,2304,512,436B41C0,0,8,3.3333333333333,4294967295,0,0
objWaterBubbleGenerator,2305,1537,1A407DC4,0,1,1,4294967295,0,0
objWaterBubbleGenerator,2049,1537,E9A41E69,0,1,1,4294967295,0,0
objDestructiveWall,7200,2048,65143DB9,0,1,1,4294967295,0,0
objDestructiveWall,7456,2048,D6B44A5C,0,1,1,4294967295,0,0
objDestructiveWall,7712,2048,C2C2C5C4,0,1,1,4294967295,0,0
objDestructiveWall,7968,2048,C05BBA10,0,1,1,4294967295,0,0
objDestructiveWall,7072,2048,2C0363DC,0,1,1,4294967295,0,0
objDestructiveWall,7328,2048,B7AB88AC,0,1,1,4294967295,0,0
objDestructiveWall,7584,2048,FC05F10D,0,1,1,4294967295,0,0
objDestructiveWall,7840,2048,0450EE3A,0,1,1,4294967295,0,0
objGoalRing,17984,1312,D39B7AA2,0,1,1,4294967295,0,1
objSpikeMove,3360,128,78B55BEB,0,1,1,4294967295,0,0
objWaterBubbleGenerator,2113,1793,18BDBC1F,0,1,1,4294967295,0,0
objRing,768,480,001061CB,0,1,1,4294967295,0,0
objRing,800,480,002891EF,0,1,1,4294967295,0,0
objRing,864,480,0033AE93,0,1,1,4294967295,0,0
objRing,832,480,001E4C02,0,1,1,4294967295,0,0
objRing,1216,608,0033966C,0,1,1,4294967295,0,0
objRing,1184,608,00255121,0,1,1,4294967295,0,0
objRing,1248,608,0031772C,0,1,1,4294967295,0,0
objCheckpoint,1536,1280,0024DCC3,0,1,1,4294967295,0,0
objEnemyTurn,640,384,003F34AF,0,1,1,4294967295,0,0
objEnemyTurn,896,384,00356B39,0,1,1,4294967295,0,0
objDashPad,1973,389,003AA157,0,1,1,4294967295,345,0
objDashRamp,1917,1280,00350FAC,0,1,1,4294967295,0,1
objSolidMask01,2304,832,0020E1CE,0,10,2,4294967295,0,0
objDashPad,2692,832,00236577,0,1,1,4294967295,0,0
objDashRampRainbow,3584,832,4D0BC555,0,1,1,4294967295,0,0
objWayLauncher,4032,1344,D985712B,0,1,1,4294967295,0,0
objSolidMask01,2560,384,4DD2F93B,0,2,4,4294967295,0,0
objSolidMask02,3328,128,22502C1A,0,4,6,4294967295,0,0
objSolidMask01,1664,1792,351E7479,0,11,16,4294967295,0,0
objRing,1568,1248,EDEF6460,0,1,1,4294967295,0,0
objRing,1632,1248,F812C437,0,1,1,4294967295,0,0
objRing,1600,1248,A621258E,0,1,1,4294967295,0,0
objHandle,2304,1715,04DD1F7A,0,1,1,4294967295,0,1
objMonitorShieldNormal,2752,368,4BBBB7FC,0,1,1,4294967295,0,0
objSolidMask01,4704,1664,8A238086,0,22,4,4294967295,0,0
objCorkscrew,3840,1576,1A369973,0,1,1,4294967295,0,0
objRing,2656,320,63BA2741,0,1,1,4294967295,0,0
objRing,2688,320,1B2293F0,0,1,1,4294967295,0,0
objRing,2720,320,FFAFB3B5,0,1,1,4294967295,0,0
objRing,2752,320,6CFA8575,0,1,1,4294967295,0,0
objRing,2784,320,7CE77328,0,1,1,4294967295,0,0
objRing,2816,320,3E09AED7,0,1,1,4294967295,0,0
objRing,2816,288,4C68626E,0,1,1,4294967295,0,0
objRing,2816,256,2815354B,0,1,1,4294967295,0,0
objRing,2784,256,FD7FCAD9,0,1,1,4294967295,0,0
objRing,2752,256,76F1748D,0,1,1,4294967295,0,0
objRing,2720,256,BDA8794F,0,1,1,4294967295,0,0
objRing,2720,288,73497BF0,0,1,1,4294967295,0,0
objRing,2688,288,64534973,0,1,1,4294967295,0,0
objRing,2656,288,5DF68CE1,0,1,1,4294967295,0,0
objRing,2656,256,F791E918,0,1,1,4294967295,0,0
objRing,2688,256,CC512090,0,1,1,4294967295,0,0
objRing,2752,288,437121ED,0,1,1,4294967295,0,0
objRing,2784,288,CB569CC4,0,1,1,4294967295,0,0
objButtonSensor,2880,1056,48DDFB1A,0,1,1,4294967295,0,0
objEnemyBuzzer,704,384,45810893,0,1,1,4294967295,0,0
objPlatformMask01,1921,1537,CD9651C9,0,3.9921875,3.96875,4294967295,0,0
objSolidMask09,2689,1409,7A989358,0,-1,1,4294967295,0,0
objSolidMask13,2816,384,ADB8B50A,0,1,1,4294967295,0,0
objSolidMask01,2688,1280,658E03E1,0,6,8,4294967295,0,0
objSolidMask13,1920,384,ACCC6367,0,1,1,4294967295,0,0
objLayer1Mask03,4864,1536,543B35C5,0,1,1,4294967295,0,0
objLayer0Mask03,5120,1536,CF932F36,0,-1,1,4294967295,0,0
objSolidMask01,4864,1344,FD795D14,0,2,2,4294967295,0,0
objSwitchLayer0,4763,1280,F8BBD733,0,6.85714286,8,4294967295,0,0
objSwitchLayer1,5124,1248,BDFE1915,0,6.85714286,8.66666667,4294967295,0,0
objSwitchLayerAlternate,4960,1408,A3E4A76F,0,4.57142857,0.66666667,4294967295,0,0
objLayer1Mask05,5504,1536,1EF844DE,0,-1,1,4294967295,0,0
objLayer1Mask04,5632,1536,2EE92BD5,0,-1,1,4294967295,0,0
objLayer1Mask04,5632,1536,7EA6B87E,0,1,1,4294967295,0,0
objLayer1Mask05,5760,1536,43712961,0,1,1,4294967295,0,0
objLayer1Mask05,6016,1536,30216C55,0,-1,1,4294967295,0,0
objLayer1Mask04,6144,1536,D67F2EAB,0,-1,1,4294967295,0,0
objLayer1Mask04,6144,1536,0E362C54,0,1,1,4294967295,0,0
objLayer1Mask05,6272,1536,27014E42,0,1,1,4294967295,0,0
objLayer0Mask04,5408,1536,2EC5BF03,0,1,1,4294967295,0,0
objLayer0Mask05,5536,1536,CC98393F,0,1,1,4294967295,0,0
objLayer0Mask05,5760,1536,C9FF19C0,0,-1,1,4294967295,0,0
objLayer0Mask04,5888,1536,944C579C,0,-1,1,4294967295,0,0
objLayer0Mask04,5888,1536,D9672985,0,1,1,4294967295,0,0
objLayer0Mask05,6016,1536,032B6DD9,0,1,1,4294967295,0,0
objLayer0Mask05,6272,1536,A861F147,0,-1,1,4294967295,0,0
objLayer0Mask04,6400,1536,F3E2F89B,0,-1,1,4294967295,0,0
objLayer0Mask05,6496,1408,A580A1BD,0,-1,1,4294967295,0,0
objLayer0Mask04,6624,1408,472ED921,0,-1,1,4294967295,0,0
objLayer0Mask01,6400,1536,77997517,0,0.5,1,4294967295,0,0
objLayer0Mask01,6624,1408,11C8E0DB,0,3,4,4294967295,0,0
objSwitchLayer0,5280,1408,535628F1,0,11.42857143,3.33333333,4294967295,0,0
objSwitchLayer1,5280,1600,C0008F43,0,11.42857143,1.33333333,4294967295,0,0
objPlatformMask01Move,5280,1568,0F2DCE20,0,1,1,4294967295,0,0
objPlatformAngle,5344,1344,7C9F3752,0,1,1,4294967295,270,0
objPlatformAngle,5280,1600,C4A119EC,0,1,1,4294967295,90,0
objPlatformMask01Move,3616,1152,948C6B93,0,1,1,4294967295,0,0
objPlatformAngle,3616,1152,0EEC2EE7,0,1,1,4294967295,0,0
objPlatformAngle,3968,1152,5796807A,0,1,1,4294967295,90,0
objPlatformAngle,3968,960,252DF31C,0,1,1,4294967295,180,0
objPlatformAngle,3616,960,40E04646,0,1,1,4294967295,270,0
objSolidMask01,3072,-448,F9A6E948,0,1,26,4294967295,0,0
objSolidMask01,7520,1344,EB0C57CA,0,6,12,4294967295,0,0
objLayer0Mask01,7520,1216,2054ABDC,0,0.5,6,4294967295,0,0
objSolidMask09,7520,1088,51ABBDCB,0,1,1,4294967295,180,0
objSolidMask09,7136,1088,CB9C05C2,0,-1,1,4294967295,180,0
objSolidMask09,7136,1216,49DB1643,0,1,1,4294967295,0,0
objLayer1Mask01,7392,1344,419FC0DC,0,1,4,4294967295,0,0
objSwitchLayer0,7136,1408,5BADCFEB,0,18.28571429,5.33333333,4294967295,0,0
objSwitchLayerAlternate,7232,960,4CFBDFCB,0,13.71428571,4.66666667,4294967295,0,0
objSolidMask01,7520,832,E1B12DAF,0,1,12,4294967295,0,0
objSolidMask01,6368,832,BBDCF6B7,0,9,4,4294967295,0,0
objSolidMask01,7008,960,56D0B5A8,0,1,12,4294967295,0,0
objPlatformMask01Move,8128,1248,8EB1E0D5,0,1,1,4294967295,0,0
objPlatformAngle,8192,1120,85C566B1,0,1,1,4294967295,270,0
objPlatformAngle,8192,1280,F6276267,0,1,1,4294967295,90,0
objSolidMask01,8288,1088,19C3963A,0,0.15,8,4294967295,0,0
objEnemyTurn,8832,1056,6E822A6A,0,1,1,4294967295,0,0
objEnemyEggpawn,8768,1056,48CE4E89,0,1,1,4294967295,0,0
objEnemyTurn,8672,1056,EA5DF8BE,0,1,1,4294967295,0,0
objEnemyTurn,9216,1056,BA5F1C12,0,1,1,4294967295,0,0
objEnemyEggpawn,9184,1056,6113AF7B,0,1,1,4294967295,0,0
objEnemyTurn,9056,1056,04133846,0,1,1,4294967295,0,0
objEnemyTurn,9088,1056,63A4B316,0,1,1,4294967295,0,0
objEnemyEggpawn,9024,1056,2BA1AD97,0,1,1,4294967295,0,0
objEnemyTurn,8928,1056,9156706F,0,1,1,4294967295,0,0
objEnemyTurn,9664,1056,AE806934,0,1,1,4294967295,0,0
objEnemyEggpawn,9632,1056,EF272F62,0,1,1,4294967295,0,0
objEnemyTurn,9504,1056,C0B7158A,0,1,1,4294967295,0,0
objEnemyTurn,9952,1056,B9B18C34,0,1,1,4294967295,0,0
objEnemyEggpawn,9920,1056,7B72560F,0,1,1,4294967295,0,0
objEnemyTurn,9792,1056,C09BE11D,0,1,1,4294967295,0,0
objEnemyTurn,9504,1056,24C24358,0,1,1,4294967295,0,0
objEnemyEggpawn,9472,1056,CEC4619F,0,1,1,4294967295,0,0
objEnemyTurn,9344,1056,47FCE42A,0,1,1,4294967295,0,0
objEnemyTurn,10176,1056,CD063A80,0,1,1,4294967295,0,0
objEnemyEggpawn,10144,1056,7554953F,0,1,1,4294967295,0,0
objEnemyTurn,10080,1056,0AEAB4F0,0,1,1,4294967295,0,0
objButtonSensor,8320,896,C45452FD,0,800,192,4294967295,0,1
objSwitchLayer1,6496,1536,EB9A514C,0,2.28571429,2.66666667,4294967295,0,0
objSwitchLayer0,6656,1248,9908D120,0,4.57142857,3.33333333,4294967295,0,0
objRing,5376,1632,89879C4B,0,1,1,4294967295,0,0
objRing,5440,1632,926847F7,0,1,1,4294967295,0,0
objRing,5504,1568,A3BC010A,0,1,1,4294967295,0,0
objRing,5088,1504,FDC1AC13,0,1,1,4294967295,0,0
objRing,5024,1440,15856DA7,0,1,1,4294967295,0,0
objRing,4960,1440,9C1FBB7D,0,1,1,4294967295,0,0
objRing,4896,1504,2256FDD3,0,1,1,4294967295,0,0
objRing,4912,1616,41E9C4A2,0,1,1,4294967295,0,0
objRing,5056,1616,C76AF8E3,0,1,1,4294967295,0,0
objDashRingRainbow,4032,1824,AEFB1584,0,1,1,4294967295,0,1
objPlatformMask01,3968,1216,1E77FE66,0,1,1,4294967295,0,0
objPlatformMask01Move,4160,1216,F0FF5E51,0,1,1,4294967295,0,0
objPlatformAngle,4160,1216,66E4D334,0,1,1,4294967295,0,0
objPlatformAngle,4608,1216,FBED4729,0,1,1,4294967295,90,0
objPlatformAngle,4608,800,BDE67A56,0,1,1,4294967295,225,0
objRing,4704,880,3C3E5E17,0,1,1,4294967295,0,0
objRing,4728,880,2EB8D416,0,1,1,4294967295,0,0
objRing,4752,880,C4A11199,0,1,1,4294967295,0,0
objRing,4776,880,0A203D7D,0,1,1,4294967295,0,0
objRing,4800,880,03EE8152,0,1,1,4294967295,0,0
objRing,4824,880,384A51CC,0,1,1,4294967295,0,0
objRing,4848,880,F45EF951,0,1,1,4294967295,0,0
objRing,4872,880,2D0C5856,0,1,1,4294967295,0,0
objRing,4896,880,4C7F9157,0,1,1,4294967295,0,0
objRing,4920,880,050F2501,0,1,1,4294967295,0,0
objRing,4944,880,9A0F0CBE,0,1,1,4294967295,0,0
objRing,4968,880,2B45A922,0,1,1,4294967295,0,0
objRing,4992,880,B41F88E3,0,1,1,4294967295,0,0
objRing,5016,880,0AC3DA31,0,1,1,4294967295,0,0
objRing,5040,880,8A5DDD59,0,1,1,4294967295,0,0
objRing,5064,880,8C010A32,0,1,1,4294967295,0,0
objRing,5088,880,A059D8F2,0,1,1,4294967295,0,0
objRing,5112,880,1839F3BA,0,1,1,4294967295,0,0
objRing,5136,880,428E6224,0,1,1,4294967295,0,0
objRing,5160,880,E548345A,0,1,1,4294967295,0,0
objRing,5184,880,5F87A605,0,1,1,4294967295,0,0
objSolidMask13,4352,1920,C3D298A4,0,1,1,4294967295,0,0
objSolidMask08,4608,1984,6B84B468,0,1,1,4294967295,0,0
objSolidMask01,4736,2112,7EC7D54B,0,3,6,4294967295,0,0
objSolidMask01,5312,1984,1ADCE748,0,9,3,4294967295,0,0
objSolidMask14,5312,1984,51E01AE5,0,-1,1,4294967295,0,0
objSolidMask15,5184,1984,951AF044,0,-1,1,4294967295,0,0
objDashRing,5440,864,9C1CA1FC,0,1,1,4294967295,0,0
objRing,5088,1568,53F3A63D,0,1,1,4294967295,0,0
objRing,4896,1568,D0DE9D8E,0,1,1,4294967295,0,0
objTestFlower,2944,1280,8816F3E2,0,1,1,4294967295,0,0
objTestFlower,3328,1280,DE1F7E69,0,1,1,4294967295,0,0
objTestFlower,3328,1696,FAFA4199,0,1,1,4294967295,0,0
objTestFlower,3648,1760,493B21D1,0,1,1,4294967295,180,0
objTestFlower,3392,1792,A7D6C865,0,1,1,4294967295,180,0
objTestFlower,3904,1920,3DBF8F6C,0,1,1,4294967295,0,0
objTestFlower,3008,1280,7C7814F2,0,1,1,4294967295,0,0
objTestFlower,3072,1280,87706A92,0,1,1,4294967295,0,0
objTestFlower,3136,1280,4278DA54,0,1,1,4294967295,0,0
objTestFlower,3200,1280,B3CAACB8,0,1,1,4294967295,0,0
objTestFlower,2880,1280,A9EF9336,0,1,1,4294967295,0,0
objTestFlower,2752,1280,B36968AA,0,1,1,4294967295,0,0
objTestFlower,3264,1280,ADB17242,0,1,1,4294967295,0,0
objEnemySpinner,5888,768,3FD7EBE3,0,1,1,4294967295,0,0
objEnemySpinner,6016,704,2A331FD1,0,1,1,4294967295,0,0
objEnemySpinner2,6144,640,6E439E71,0,1,1,4294967295,0,0
objWayLauncher,6144,429,7E895182,0,1,1,4294967295,0,0
objSpring,6993,516,13AA9738,0,1,1,4294967295,255,0
objRing,7104,384,3E403099,0,1,1,4294967295,0,0
objRing,7136,384,018AE657,0,1,1,4294967295,0,0
objRing,7168,384,9FD98073,0,1,1,4294967295,0,0
objRing,7360,448,32EBF9BE,0,1,1,4294967295,0,0
objRing,7424,448,F9390347,0,1,1,4294967295,0,0
objRing,7488,448,D190D0E0,0,1,1,4294967295,0,0
objRing,7552,448,5C5AED5A,0,1,1,4294967295,0,0
objRing,7616,448,CA88314E,0,1,1,4294967295,0,0
objRing,7680,448,43DC7F82,0,1,1,4294967295,0,0
objRing,7744,448,517B6C51,0,1,1,4294967295,0,0
objRing,7424,416,B6DB2F4E,0,1,1,4294967295,0,0
objRing,7488,416,60DAAEB5,0,1,1,4294967295,0,0
objRing,7552,416,68942BD1,0,1,1,4294967295,0,0
objRing,7616,416,DFBAA981,0,1,1,4294967295,0,0
objRing,7680,416,2A6EB034,0,1,1,4294967295,0,0
objRing,8000,608,1C46A8A5,0,1,1,4294967295,0,0
objRing,8000,656,91D15005,0,1,1,4294967295,0,0
objRing,8000,704,4173D6A1,0,1,1,4294967295,0,0
objRing,8000,752,F92DD31D,0,1,1,4294967295,0,0
objRing,8000,800,71B06FE7,0,1,1,4294967295,0,0
objRing,8000,848,850BE9DD,0,1,1,4294967295,0,0
objRing,8000,896,AD95B21D,0,1,1,4294967295,0,0
objRing,8000,944,C1DC3F7C,0,1,1,4294967295,0,0
objRing,6528,416,FC82F653,0,1,1,4294967295,0,0
objRing,6528,448,0F59AA14,0,1,1,4294967295,0,0
objRing,6528,480,9D00FB9A,0,1,1,4294967295,0,0
objRing,6592,480,295EF7B7,0,1,1,4294967295,0,0
objRing,6592,448,D951D326,0,1,1,4294967295,0,0
objRing,6592,416,EC3B06AA,0,1,1,4294967295,0,0
objRing,6656,480,0A801788,0,1,1,4294967295,0,0
objRing,6656,448,0D05F5C7,0,1,1,4294967295,0,0
objRing,6656,416,3137D6B2,0,1,1,4294967295,0,0
objRing,6400,480,7E450843,0,1,1,4294967295,0,0
objRing,6400,448,B65C61CD,0,1,1,4294967295,0,0
objRing,6400,416,841B4B48,0,1,1,4294967295,0,0
objRing,5888,736,670EF7D2,0,1,1,4294967295,0,0
objRing,5888,704,C213EF1D,0,1,1,4294967295,0,0
objRing,6016,672,8B372120,0,1,1,4294967295,0,0
objRing,6016,640,E4EB005F,0,1,1,4294967295,0,0
objRing,6144,608,EB376714,0,1,1,4294967295,0,0
objRing,6144,576,C97EB081,0,1,1,4294967295,0,0
objRing,4032,608,FF9E94AA,0,1,1,4294967295,0,0
objRing,4096,608,BC4E7D0E,0,1,1,4294967295,0,0
objRing,4160,608,982038C0,0,1,1,4294967295,0,0
objRing,4224,608,97BC82E3,0,1,1,4294967295,0,0
objRing,4288,608,6E8230DD,0,1,1,4294967295,0,0
objRing,4352,608,EB8483D6,0,1,1,4294967295,0,0
objRing,4416,608,65B17037,0,1,1,4294967295,0,0
objRing,4480,608,2F39B1AC,0,1,1,4294967295,0,0
objRing,6784,1376,D78CAA7F,0,1,1,4294967295,0,0
objRing,6848,1376,39F69773,0,1,1,4294967295,0,0
objRing,6912,1376,DECF451F,0,1,1,4294967295,0,0
objRing,6976,1376,B0CB5FD0,0,1,1,4294967295,0,0
objRing,6976,1344,906F7470,0,1,1,4294967295,0,0
objRing,6912,1344,FF3EDD57,0,1,1,4294967295,0,0
objRing,6848,1344,886E7D6D,0,1,1,4294967295,0,0
objRing,6784,1344,E369F6FC,0,1,1,4294967295,0,0
objRing,6784,1312,EB831FED,0,1,1,4294967295,0,0
objRing,6848,1312,86C16336,0,1,1,4294967295,0,0
objRing,6912,1312,6A68C474,0,1,1,4294967295,0,0
objRing,6976,1312,8E12A0DD,0,1,1,4294967295,0,0
objRing,6720,1312,B81375E2,0,1,1,4294967295,0,0
objRing,6720,1344,516A68B6,0,1,1,4294967295,0,0
objRing,6720,1376,2139E77F,0,1,1,4294967295,0,0
objSolidMask02,5376,512,FE945EAB,0,10,1,4294967295,0,0
objSolidMask02,6336,512,2DD7B62C,0,5,2,4294967295,0,0
objTestFlower,5824,512,A9E61DCB,0,1,1,4294967295,0,0
objSolidMask01,5504,96,A52CA815,0,9,5,4294967295,0,0
objCheckpoint,7808,1344,0E628007,0,1,1,4294967295,0,0
objCheckpoint,6464,512,4A272034,0,1,1,4294967295,0,0
objSpring,6358,273,827AD5A4,0,1,1,4294967295,180,0
objDashPad,6336,512,94AC94E5,0,1,1,4294967295,0,0
objMonitorInvincibility,5888,272,5D8DB9C7,0,1,-1,4294967295,0,0
objTestFlower,6848,512,B22C4570,0,1,1,4294967295,0,0
objDashRing,6272,704,4957370A,0,1,1,4294967295,270,0
objDashRingRainbow,6336,832,E1316E78,0,1,1,4294967295,90,1
objSpike,6447,833,3FF563DA,0,1,1,4294967295,0,0
objSlidepassSensor,6848,805,91717E98,0,2,1,4294967295,0,0
objSolidMask01,6848,638,077DD516,0,1,5,4294967295,0,0
objTestFlower,6528,512,E85D6FEC,0,1,1,4294967295,0,0
objTestFlower,6400,512,3C371B49,0,1,1,4294967295,0,0
objTestFlower,6592,640,D95FDBE7,0,1,1,4294967295,180,0
objTestFlower,6848,704,72A1A2AF,0,1,1,4294967295,90,0
objTestFlower,6016,576,EFC14613,0,1,1,4294967295,225,0
objTestFlower,6560,832,0526DC68,0,1,1,4294967295,0,0
objTestFlower,6624,832,87285D14,0,1,1,4294967295,0,0
objTestFlower,6688,832,C2783441,0,1,1,4294967295,0,0
objTestFlower,6752,832,B4201D81,0,1,1,4294967295,0,0
objTestFlower,6816,832,5256E64D,0,1,1,4294967295,0,0
objTestFlower,6496,832,CA5A327C,0,1,1,4294967295,0,0
objCorkscrew,7648,736,9EE46EE8,0,1,1,4294967295,0,0
objDashRingRainbow,7936,817,ACD638B0,0,1,1,4294967295,270,1
objRing,6592,768,0E3B6051,0,1,1,4294967295,0,0
objRing,6592,800,2DD30BAE,0,1,1,4294967295,0,0
objRing,6624,800,2B9268D2,0,1,1,4294967295,0,0
objRing,6656,800,3AEDA020,0,1,1,4294967295,0,0
objRing,6624,768,2A917DAC,0,1,1,4294967295,0,0
objRing,6656,768,A41797FB,0,1,1,4294967295,0,0
objRing,6688,768,84B7A610,0,1,1,4294967295,0,0
objRing,6720,768,6510C95B,0,1,1,4294967295,0,0
objRing,6720,800,CE9A204B,0,1,1,4294967295,0,0
objRing,6688,800,F6A911CA,0,1,1,4294967295,0,0
objRing,6752,800,56A1FAEA,0,1,1,4294967295,0,0
objRing,6752,768,2F0EBC57,0,1,1,4294967295,0,0
objRing,6784,768,50703D51,0,1,1,4294967295,0,0
objRing,6784,800,14316D37,0,1,1,4294967295,0,0
objRing,6816,800,CA18FC6A,0,1,1,4294967295,0,0
objRing,6816,768,195AFE24,0,1,1,4294967295,0,0
objRing,6784,736,7F98EB88,0,1,1,4294967295,0,0
objRing,6752,736,C48809A9,0,1,1,4294967295,0,0
objRing,6720,736,CF60BB6D,0,1,1,4294967295,0,0
objRing,6688,736,D4D8D2DC,0,1,1,4294967295,0,0
objRing,6656,736,A6F9874A,0,1,1,4294967295,0,0
objRing,6624,736,FDF37375,0,1,1,4294967295,0,0
objRing,6592,736,AEF26A54,0,1,1,4294967295,0,0
objRing,6560,736,03B868B1,0,1,1,4294967295,0,0
objRing,6560,768,B6C6D275,0,1,1,4294967295,0,0
objRing,6560,800,A538C657,0,1,1,4294967295,0,0
objRing,6528,800,3C0EB243,0,1,1,4294967295,0,0
objRing,6528,768,69AE4C46,0,1,1,4294967295,0,0
objRing,6496,768,EAE594DD,0,1,1,4294967295,0,0
objRing,6496,736,B66DF80B,0,1,1,4294967295,0,0
objRing,6528,736,D2AB50E2,0,1,1,4294967295,0,0
objRing,6496,800,ADA83804,0,1,1,4294967295,0,0
objRing,6816,736,47171995,0,1,1,4294967295,0,0
objRing,6816,704,19E4BF54,0,1,1,4294967295,0,0
objRing,6784,704,88EA58AC,0,1,1,4294967295,0,0
objRing,6752,704,643865B3,0,1,1,4294967295,0,0
objRing,6720,704,1B12B4C6,0,1,1,4294967295,0,0
objRing,6688,704,B9B26D53,0,1,1,4294967295,0,0
objRing,6656,704,8A9F127E,0,1,1,4294967295,0,0
objRing,6624,704,771BE614,0,1,1,4294967295,0,0
objRing,6592,704,5D844BEB,0,1,1,4294967295,0,0
objRing,6560,704,A3F94134,0,1,1,4294967295,0,0
objRing,6528,704,E2AA2BF9,0,1,1,4294967295,0,0
objRing,6496,704,8F71BE44,0,1,1,4294967295,0,0
objMonitorShieldElectro,6656,816,6DE29A24,0,1,1,4294967295,0,0
objMonitorRings10,6592,816,C56C573C,0,1,1,4294967295,0,0
objMonitorRings10,6720,816,56074C4B,0,1,1,4294967295,0,0
objDashRing,5760,768,0274EE68,0,1,1,4294967295,345,1
objDashRing,6144,544,5840F749,0,1,1,4294967295,0,0
objSwitchLayer1,7616,1216,E4796BB8,0,4.57142857,2.66666667,4294967295,0,0
objSpring,3105,2157,E32215E5,0,1,1,4294967295,0,1
objSolidMask02,6720,512,73D0BE59,0,4,2,4294967295,0,0
objEnemyTurn,5360,1952,A3D0FA37,0,1,1,4294967295,0,0
objEnemyTurn,5632,1952,79874256,0,1,1,4294967295,0,0
objRing,7200,384,1044F794,0,1,1,4294967295,0,0
objRing,7232,384,869F6911,0,1,1,4294967295,0,0
objDashRing,7264,384,8A319181,0,1,1,4294967295,270,0
objTestFlower,10496,1088,DDF7FAA1,0,1,1,4294967295,0,0
objTestFlower,10560,1088,DA503A9C,0,1,1,4294967295,0,0
objTestFlower,10688,1088,AF47B39C,0,1,1,4294967295,0,0
objTestFlower,10752,1088,8ECE7412,0,1,1,4294967295,0,0
objTestFlower,10816,1088,90DFA33F,0,1,1,4294967295,0,0
objTestFlower,10880,1088,9F6B8878,0,1,1,4294967295,0,0
objTestFlower,10432,1088,F6AC6543,0,1,1,4294967295,0,0
objTestFlower,10368,1088,2C1D7595,0,1,1,4294967295,0,0
objTestFlower,10304,1088,8320E810,0,1,1,4294967295,0,0
objTestFlower,7488,1344,9554EB77,0,1,1,4294967295,0,0
objTestFlower,7616,1344,E8B16275,0,1,1,4294967295,0,0
objCheckpoint,10624,1088,B1B55F6B,0,1,1,4294967295,0,0
objSolidMask14,6464,1984,1403608F,0,1,1,4294967295,0,0
objSolidMask15,6592,1984,6B39202E,0,1,1,4294967295,0,0
objSolidMask02,6656,2112,0F9C84DB,0,22,6,4294967295,0,0
objDashRamp,8064,2112,E56DDF94,0,1,1,4294967295,0,1
objDashPad,8416,1730,AD60336F,0,1,1,4294967295,90,0
objSolidMask02,8416,1088,102EAD72,0,2,24,4294967295,0,0
objSolidMask02,8544,1088,DAD18297,0,62,4,4294967295,0,0
objLayer1Mask01,8288,1088,ADFA3F4A,0,1,1,4294967295,0,0
objSwitchLayer1,8288,912,4E81D0C0,0,16,3.33333333,4294967295,0,0
objSwitchLayer0,8352,1472,ADF20800,0,4.57142857,4,4294967295,0,0
objDashPad,8416,1890,C76EDA89,0,1,1,4294967295,90,0
objDashPad,8416,2082,4934A940,0,1,1,4294967295,90,0
objDashRing,12652,1440,FB4B2FF7,0,1,1,4294967295,135,0
objSolidMask02,12512,1216,F6EA3F91,0,2,2,4294967295,0,0
objSolidMask10,12512,1088,AE1ED275,0,1,1,4294967295,0,0
objSolidMask02,11008,1920,76B03967,0,28,8,4294967295,0,0
objDashRampRainbow,9860,2432,B986487B,0,-1,1,4294967295,0,1
objDashRing,12650,1377,448062E2,0,1,1,4294967295,150,0
objDashRing,12588,1504,CBC9866C,0,1,1,4294967295,120,1
objSolidMask02,9856,2432,068D75BC,0,10,6,4294967295,0,0
objSolidMask01,8288,2496,16DF425B,0,1,4,4294967295,0,0
objSpring,8403,2478,5F88B73C,0,1,1,4294967295,0,1
objSpring,7019,1420,7272EAE0,0,1,1,4294967295,225,0
objLayer1Mask01,4832,1408,3A019845,0,0.25,8,4294967295,0,0
objLayer0Mask01,5120,1408,85E5AD7F,0,0.25,8,4294967295,0,0
objMonitorEnergy,6720,2096,EA20FEB0,0,1,1,4294967295,0,0
objMonitorCombine,3409,112,AA5588BE,0,1,1,4294967295,0,0
objPlayerSpawn,482,640,92353801,0,1,1,4294967295,0,0
objRing10,6688,576,DDA802A1,0,1,1,4294967295,0,0
objRing10,7944,820,956E9D6D,0,1,1,4294967295,0,0
objEnemiesArenaSensor,5376,1816,263576A9,0,1024,192,4294967295,0,1
objEnemyTurn,6016,1952,0132AE1E,0,1,1,4294967295,0,0
objEnemiesArenaSensor,11376,1712,CC9FCB2B,0,640,288,4294967295,0,1
objEnemyTurn,11360,1888,49F08B53,0,1,1,4294967295,0,0
objEnemyTurn,12016,1888,CBC91972,0,1,1,4294967295,0,0
objEnemyTurn,11768,1888,BB09B03E,0,1,1,4294967295,0,0
objSpring,8269,1328,9A956304,0,1,1,4294967295,90,0
objSolidMask01,1664,384,F736415F,0,2,8,4294967295,0,0
objSpring,1023,499,CE545D88,0,1,1,4294967295,315,0
objSpring,4132,1665,0FD01B7C,0,1,1,4294967295,300,1
objSolidMask13,3137,1217,BEDE3050,0,-1,1,4294967295,0,0
objSolidMask02,3840,256,80330F93,0,6,2,4294967295,0,0
objSolidMask09,7520,1536,D8E9FC61,0,-1,1,4294967295,0,0
objTestFlower,448,640,1C3219AA,0,1,1,4294967295,0,0
objTestFlower,768,640,E8A00AEF,0,1,1,4294967295,0,0
objTestFlower,1152,640,A2FC7D2B,0,1,1,4294967295,0,0
objSolidMask02,7136,1344,92C08A38,0,4,1,4294967295,0,0
objSolidMask02,7008,1856,CD8588D9,0,16,2,4294967295,0,0
objSolidMask13,4224,256,32485C30,0,1,1,4294967295,0,0
objLayer0Mask03,5504,384,F79C9818,0,1,1,4294967295,0,0
objSwitchLayer0,5632,416,CD8BFCE6,0,4.57142857,2,4294967295,0,0
objSwitchLayer1,5312,18,C2290360,0,4.5714285714286,10.2916666666667,4294967295,0,0
objDashRing,4864,416,C7C7289D,0,1,1,4294967295,240,0
objRing,4832,352,CC1CA7B3,0,1,1,4294967295,0,0
objRing,4768,352,78D6D1A6,0,1,1,4294967295,0,0
objRing,5088,384,F849908D,0,1,1,4294967295,0,0
objRing,5216,416,6E1EA72D,0,1,1,4294967295,0,0
objRing,5344,448,55E3493D,0,1,1,4294967295,0,0
objRing,4896,352,DDE76DC4,0,1,1,4294967295,0,0
objRing,4960,352,5554225C,0,1,1,4294967295,0,0
objRing10,4544,128,9AC83EB5,0,1,1,4294967295,0,0
objRing10,4544,96,D6B77F93,0,1,1,4294967295,0,0
objPlatformMask01,4480,192,8B12BE02,0,1,1,4294967295,0,0
objDashRing,9402,2487,8A501B68,0,1,1,4294967295,225,1
objDashRing,9504,2624,90596D6D,0,1,1,4294967295,225,1
objDashRing,9632,2752,FFDCFB39,0,1,1,4294967295,225,1
objDashRing,9728,2848,8EE0D7BD,0,1,1,4294967295,255,1
objSolidMask02,9856,2944,F8BCB3FC,0,10,2,4294967295,0,0
objDashPad,9952,2944,9F95AFCA,0,1,1,4294967295,0,0
objDashPad,9856,2944,35385584,0,1,1,4294967295,0,0
objDashPad,10048,2944,2FCF717C,0,1,1,4294967295,0,0
objDashRamp,10496,2944,F96F2C41,0,1,1,4294967295,0,0
objSolidMask02,11264,2784,C3B0DBB8,0,12,4,4294967295,0,0
objSolidMask02,12032,2848,F8FB33DE,0,26,4,4294967295,0,0
objSolidMask13,12032,2784,C22115B7,0,1,1,4294967295,0,0
objDashRing,13824,2784,2A5BDAC0,0,1,1,4294967295,285,0
objDashRing,13952,2720,762DEE38,0,1,1,4294967295,330,1
objRing,14208,2528,842085C0,0,1,1,4294967295,0,0
objRing,14240,2528,3DF8D949,0,1,1,4294967295,0,0
objRing,14272,2528,7B2A1DFC,0,1,1,4294967295,0,0
objRing,14304,2528,3BFF6455,0,1,1,4294967295,0,0
objRing,14336,2528,1282596D,0,1,1,4294967295,0,0
objRing,14368,2528,0BCE1016,0,1,1,4294967295,0,0
objRing,14400,2528,D06372B7,0,1,1,4294967295,0,0
objRing,14432,2528,386BC6A4,0,1,1,4294967295,0,0
objRing,14464,2528,149CF9B0,0,1,1,4294967295,0,0
objRing,14496,2528,5ED07B38,0,1,1,4294967295,0,0
objRing,14528,2528,964A3A25,0,1,1,4294967295,0,0
objRing,14560,2528,86EE5DCA,0,1,1,4294967295,0,0
objRing,14592,2528,82AC7754,0,1,1,4294967295,0,0
objRing,14624,2528,7AA42190,0,1,1,4294967295,0,0
objRing,14656,2528,CCA9FCDC,0,1,1,4294967295,0,0
objHandle,14688,2528,2CAC7B4E,0,1,1,4294967295,0,1
objSpring,14702,3021,6FD1F8FC,0,1,1,4294967295,0,0
objDashRing,14688,2880,3DFFF6DB,0,1,1,4294967295,0,1
objSolidMask02,13696,3040,0C1BA353,0,16,2,4294967295,0,0
objSolidMask02,14720,2656,CAD7747C,0,8,7,4294967295,0,0
objSolidMask02,15232,2400,279CC4A9,0,8,5,4294967295,0,0
objMonitorHurt,13709,3024,B1078449,0,1,1,4294967295,0,0
objSolidMask02,15744,2368,72FF9499,0,6,2,4294967295,0,0
objSolidMask02,16128,2272,C89E2544,0,10,6,4294967295,0,0
objDashRing,16896,2144,8856F5AA,0,1,1,4294967295,300,1
objSolidMask02,16768,2656,4F8763F0,0,4,1,4294967295,0,0
objSolidMask09,16768,2528,25523B5D,0,1,1,4294967295,0,0
objSolidMask02,17280,2144,CB3B0CA4,0,2,2,4294967295,0,0
objDashRing,16768,2016,C92F82B1,0,1,1,4294967295,0,0
objDashRing,16768,1888,F7C2BD1C,0,1,1,4294967295,345,0
objEnemySpinner,16896,1824,FE0C30D2,0,1,1,4294967295,0,0
objEnemySpinner,16960,1760,121A7FA7,0,1,1,4294967295,0,0
objEnemySpinner,17024,1696,927E3691,0,1,1,4294967295,0,0
objSpring,17292,2125,9C0AE1B3,0,1,1,4294967295,0,0
objPlatformMask01,17152,1888,5152755B,0,4,2,4294967295,0,0
objSpring,17162,1869,869E1F17,0,1,1,4294967295,0,0
objDashRing,17503,1645,61B98AE7,0,1,1,4294967295,0,1
objDashRing,17024,1623,21BFBC04,0,1,1,4294967295,0,0
objDashRing,17024,1568,66321BEA,0,1,1,4294967295,330,0
objSolidMask09,17024,2528,26E0F091,0,-1,1,4294967295,0,0
objSolidMask02,17024,2272,3629DF76,0,4,5.5,4294967295,0,0
objBridge,8896,2080,4A94C174,0,12,1,4294967295,0,1
objMonitorEnergy,16115,2320,B920FFD2,0,1,1,4294967295,0,0
objSolidMask09,17664,1760,140CE68A,0,-1,1,4294967295,0,0
objSolidMask09,17664,1760,EEF02B5E,0,1,1,4294967295,180,0
objSolidMask02,17536,1376,75A39554,0,15,4,4294967295,0,0
objSolidMask02,17664,1632,DAE658D3,0,6,10,4294967295,0,0
objPlatformMask01,17408,1376,2425CF79,0,1,1,4294967295,0,0
objSolidMask02,17408,2272,D93E720E,0,4,2,4294967295,0,0
objSpring,17431,2253,17AA1683,0,1,1,4294967295,0,0
objEnemyBuzzer,12352,2720,B4B66860,0,1,1,4294967295,0,0
objEnemyTurn,12288,2720,53E11CD3,0,1,1,4294967295,0,0
objEnemyTurn,12736,2720,94674044,0,1,1,4294967295,0,0
objEnemyBuzzer,12672,2720,1CF3F383,0,1,1,4294967295,0,0
objEnemyEggpawn,12608,2829,78CD0F2E,0,1,1,4294967295,0,0
objEnemyTurn,12480,2816,E83E4722,0,1,1,4294967295,0,0
objEnemyTurn,12864,2816,94301237,0,1,1,4294967295,0,0
objEnemyEggpawn,12800,2829,8A5582D1,0,1,1,4294967295,0,0
objTestFlower,11264,2784,10BD0A4E,0,1,1,4294967295,45,0
objTestFlower,11392,2784,CE94AAE7,0,1,1,4294967295,0,0
objTestFlower,11680,2784,756E562B,0,1,1,4294967295,0,0
objTestFlower,12000,2784,97A1887D,0,1,1,4294967295,0,0
objTestFlower,12320,2848,D29C4E50,0,1,1,4294967295,0,0
objTestFlower,12480,2848,DFB3FBEA,0,1,1,4294967295,0,0
objTestFlower,12640,2848,BE0D8CF1,0,1,1,4294967295,0,0
objTestFlower,13600,2848,C3610E1A,0,1,1,4294967295,0,0
objTestFlower,13280,2848,3D0F2807,0,1,1,4294967295,0,0
objTestFlower,11904,1920,874F339A,0,1,1,4294967295,0,0
objTestFlower,11744,1920,3A11307A,0,1,1,4294967295,0,0
objTestFlower,11584,1920,36F90440,0,1,1,4294967295,0,0
objTestFlower,11424,1920,F2E8AB96,0,1,1,4294967295,0,0
objTestFlower,11264,1920,3D513B9F,0,1,1,4294967295,0,0
objCheckpoint,10240,2944,61C860E8,0,1,1,4294967295,0,0
objRing,10304,2912,220C0021,0,1,1,4294967295,0,0
objRing,10336,2912,8FBD3042,0,1,1,4294967295,0,0
objRing,10368,2912,A88A71B8,0,1,1,4294967295,0,0
objRing,10400,2912,769DED31,0,1,1,4294967295,0,0
objRing,10176,2912,DDB90ED3,0,1,1,4294967295,0,0
objRing,11680,2752,B172AF20,0,1,1,4294967295,0,0
objRing,11712,2752,9B142C24,0,1,1,4294967295,0,0
objRing,11744,2752,BD409750,0,1,1,4294967295,0,0
objRing,16352,2240,79B3DB37,0,1,1,4294967295,0,0
objRing,16384,2240,E27EADDE,0,1,1,4294967295,0,0
objRing,16416,2240,F47A5BDA,0,1,1,4294967295,0,0
objButtonSensor,6944,320,6E9D58CF,0,96,192,4294967295,0,1
objButtonSensor,14112,2400,84FB9E9E,0,192,224,4294967295,0,1
objSwingPole,8256,1952,E5726322,0,1,1,4294967295,0,0
objSolidMask02,7712,1792,B950F3B8,0,2,2,4294967295,0,0
objSolidMask02,7520,1728,6B614C8C,0,6,2,4294967295,0,0
objLayer0Mask02,5440,352,318A8ED6,0,1,1,4294967295,0,0
objRing,3264,160,A9973B36,0,1,1,4294967295,0,0
objRing,3264,96,5963F697,0,1,1,4294967295,0,0
objRing,3264,224,84937EC7,0,1,1,4294967295,0,0
objRing,3264,32,587A7432,0,1,1,4294967295,0,0
objBridge,1280,384,F93DF8C8,0,16,2.6666666666667,4294967295,0,1
objPlatformMask01,1152,384,B3642DA3,0,1,1,4294967295,0,0
objMusicPlayer,0,512,8BF36CC6,0,1,1,4294967295,0,1
objNavigator,800,608,6B7CB288,0,1,1,4294967295,0,1
objNavigator,6784,480,4A2A4456,0,1,1,4294967295,0,1
objSpring,2544,464,3CE4BD00,0,1,1,4294967295,60,1
objTeleportRing,144,784,0FE92681,0,1,1,4294967295,0,1
objTeleportRing,32,784,7DB3BA4B,0,1,1,4294967295,0,1
objDashRing,352,672,7C94B218,0,1,1,4294967295,0,0
objPlatformMask01Move,352,544,469A538D,0,2,2,4294967295,0,1
objPlatformAngle,368,560,D8C768BC,0,1,1,4294967295,0,0
objPlatformAngle,688,560,B4C2193A,0,1,1,4294967295,90,0
objPlatformAngle,688,368,AC463582,0,1,1,4294967295,180,0
objPlatformAngle,368,368,49CA1967,0,1,1,4294967295,270,0
objInstanceGroup,432,528,43B8E396,0,1,1,4294967295,0,1
objSpring,566,525,8824267E,0,1,1,4294967295,0,0
objRing,512,512,18E99B96,0,1,1,4294967295,0,0
objRing,480,512,95C7C202,0,1,1,4294967295,0,0
objRing,448,512,B9EC6E83,0,1,1,4294967295,0,0
objRing,567,496,9FB5BC66,0,1,1,4294967295,0,0
objRing,567,464,7F6C516E,0,1,1,4294967295,0,0
objRing,567,432,31F9CE25,0,1,1,4294967295,0,0
objRing,567,400,7CCEA095,0,1,1,4294967295,0,0
obj3DAudioPlayer,1408,1024,17A1C3E0,0,7,17,4294967295,0,1
objSolidMask02,384,640,1FFD7E4C,0,22,4,4294967295,0,0
objSolidMask02,0,896,FD40E6A8,0,10,6,4294967295,0,0
objSpring,352,880,3411306A,0,1,1,4294967295,0,1
objSolidMask02,640,1152,E9E03D25,0,10,6,4294967295,0,0
objSolidMask02,1280,1280,3088CCB0,0,10,8,4294967295,0,0
objSolidMask09,1280,1152,0353461C,0,1,1,4294967295,0,0
objSolidMask09,1664,512,A189EE96,0,-1,1,4294967295,0,0
objSolidMask02,1920,512,7F5DC9BB,0,6,2,4294967295,0,0
objSpring,2784,1776,2A862B3E,0,1,1,4294967295,0,0
objSolidMask13,3137,1217,FF4C067D,0,1,1,4294967295,0,0
objSolidMask02,2496,1536,5CDA41FA,0,3,2,4294967295,0,0
obj3DAudioPlayer,2272,0,CFF7A782,0,6,80,4294967295,0,1
objMonitorHurt,1952,1776,A0FFEFFF,0,1,1,4294967295,0,0
objSolidMask02,3072,2176,16BD4C20,0,2,2,4294967295,0,0
objSolidMask02,3200,1920,8079E867,0,18,6,4294967295,0,0
objSolidMask02,3136,1920,74CBDA82,0,1,4,4294967295,0,0
objSolidMask02,3200,1664,AC9C4481,0,10,1,4294967295,0,0
objSolidMask10,3456,1280,D1EB17EF,0,1,1,4294967295,0,0
objSolidMask10,3456,1536,107BEF1C,0,1,-1,4294967295,0,0
objSolidMask02,2816,1664,7D0557A1,0,4,2,4294967295,0,0
objDashRingRainbow,3808,512,541336D1,0,1,1,4294967295,270,0
objSpring,3264,518,006F413E,0,1,1,4294967295,120,1
objSolidMask02,3072,448,D7852DBF,0,4,1,4294967295,0,0
objSolidMask02,3584,256,B8544201,0,2,2,4294967295,0,0
objSolidMask10,3584,128,9234456A,0,1,1,4294967295,0,0
objSolidMask10,3583,511,A18F8C87,0,-1,1,4294967295,180,0
objRing10,4576,128,7B9C92D5,0,1,1,4294967295,0,0
objRing10,4512,128,C3E2A2AC,0,1,1,4294967295,0,0
objRing10,4576,96,AA060CAF,0,1,1,4294967295,0,0
objRing10,4512,96,1C854687,0,1,1,4294967295,0,0
objRing10,4512,160,366E485A,0,1,1,4294967295,0,0
objRing10,4544,160,4A514AC4,0,1,1,4294967295,0,0
objRing10,4576,160,0862DBF1,0,1,1,4294967295,0,0
objRing,3264,288,A9406458,0,1,1,4294967295,0,0
objRing,3264,352,13E05882,0,1,1,4294967295,0,0
objRing,2848,256,613434D0,0,1,1,4294967295,0,0
objRing,2848,288,F0BD5AD8,0,1,1,4294967295,0,0
objRing,2848,320,0F4918FC,0,1,1,4294967295,0,0
objSolidMask02,2176,448,07E28EE8,0,2,1,4294967295,0,0
objSolidMask02,4480,320,A499CA1F,0,2,1,4294967295,0,0
objDashRing,3744,1440,BA632064,0,1,1,4294967295,180,0
objDashRing,4416,1568,DA2C1787,0,1,1,4294967295,300,0
objDashPad,6012,512,41D99E0D,0,-1,1,4294967295,0,0
objRing,4672,96,1C51D0A1,0,1,1,4294967295,0,0
objRing,4704,96,75547CD9,0,1,1,4294967295,0,0
objRing,4736,96,AAB3152C,0,1,1,4294967295,0,0
objRing,4768,96,92D516D3,0,1,1,4294967295,0,0
objRing,4800,96,C10B870D,0,1,1,4294967295,0,0
objRing,4832,96,6EE79D10,0,1,1,4294967295,0,0
objRing,4864,96,3D4F9532,0,1,1,4294967295,0,0
objRing,4896,96,6A51BAAA,0,1,1,4294967295,0,0
objRing,4928,96,E3CAE8E9,0,1,1,4294967295,0,0
objRing,4960,96,03FF6840,0,1,1,4294967295,0,0
objRing,4992,96,3072CB2E,0,1,1,4294967295,0,0
objDashRing,5024,96,6A0F6003,0,1,1,4294967295,240,1
objLayer0Mask03,5504,384,B9A0120D,0,1,-1,4294967295,0,0
objButtonSensor,7200,416,0BD485DD,0,1,1,4294967295,0,0
objRing,8160,480,565A2130,0,1,1,4294967295,0,0
objRing,8192,480,12DB3D97,0,1,1,4294967295,0,0
objRing,8224,480,F011C82B,0,1,1,4294967295,0,0
objRing,8256,480,E96EDF89,0,1,1,4294967295,0,0
objRing,8288,480,B3C52189,0,1,1,4294967295,0,0
objRing,8320,480,D7C3E397,0,1,1,4294967295,0,0
objRing,8352,480,1F8E3512,0,1,1,4294967295,0,0
objRing,8384,512,0713F1EE,0,1,1,4294967295,0,0
objRing,8416,544,AB115ADB,0,1,1,4294967295,0,0
objRing,8448,544,0949E0C4,0,1,1,4294967295,0,0
objRing,8480,576,BD13A954,0,1,1,4294967295,0,0
objRing,8512,576,FB088D29,0,1,1,4294967295,0,0
objRing,8544,608,C10C75D5,0,1,1,4294967295,0,0
objRing,8576,640,EA0C75D6,0,1,1,4294967295,0,0
objRing,8608,640,19976E48,0,1,1,4294967295,0,0
objRing,8640,672,AE679E31,0,1,1,4294967295,0,0
objRing,8672,704,589EB09B,0,1,1,4294967295,0,0
objRing,8704,704,C88C21CA,0,1,1,4294967295,0,0
objSolidMask02,13184,-640,FAAE5B8E,0,4,38,4294967295,0,0
objSolidMask02,12800,640,C9E6AAE9,0,2,26,4294967295,0,0
objHandle,12786,1106,BDF94EBC,0,1,1,4294967295,0,1
objRing,13152,1920,89E0883D,0,1,1,4294967295,0,0
objRing,13184,1920,C24E538C,0,1,1,4294967295,0,0
objRing,13216,1920,34BD2E0D,0,1,1,4294967295,0,0
objRing,13248,1920,7A92CD41,0,1,1,4294967295,0,0
objRing,13280,1920,A84B6E31,0,1,1,4294967295,0,0
objRing,13312,1920,60D417D6,0,1,1,4294967295,0,0
objRing,13344,1920,5A861901,0,1,1,4294967295,0,0
objRing,13376,1920,B43A2FD6,0,1,1,4294967295,0,0
objRing,13408,1920,AF251764,0,1,1,4294967295,0,0
objRing,13440,1920,0123E245,0,1,1,4294967295,0,0
objRing,13472,1920,C3572C35,0,1,1,4294967295,0,0
objRing,13504,1920,5A727017,0,1,1,4294967295,0,0
objRing,13536,1920,3F25828B,0,1,1,4294967295,0,0
objRing,13568,1920,7FDE5607,0,1,1,4294967295,0,0
objRing,13600,1920,948DD96F,0,1,1,4294967295,0,0
objRing,13632,1920,F68FAEFF,0,1,1,4294967295,0,0
objRing,13664,1920,29C467D5,0,1,1,4294967295,0,0
objRing,13696,1920,BD00312E,0,1,1,4294967295,0,0
objRing,13728,1920,BE355602,0,1,1,4294967295,0,0
objRing,13760,1920,B7DDC551,0,1,1,4294967295,0,0
objRing,13792,1920,062DF553,0,1,1,4294967295,0,0
objRing,13824,1920,7F2147E6,0,1,1,4294967295,0,0
objRing,13856,1920,FD4FA5F1,0,1,1,4294967295,0,0
objDashRingRainbow,13888,1920,3B7E5DDC,0,1,1,4294967295,315,1
obj3DAudioPlayer,14208,128,0048170E,0,7,180,4294967295,0,1
obj3DAudioPlayer,14592,128,54A65490,0,7,180,4294967295,0,1
obj3DAudioPlayer,14976,128,7F8A4791,0,7,180,4294967295,0,1
objSolidMask02,15104,1408,4F680AD8,0,16,2,4294967295,0,0
objSolidMask09,15999,1023,D35A4050,0,1,1,4294967295,180,0
objSolidMask09,15487,1023,D5F21033,0,-1,1,4294967295,180,0
objLayer0Mask03,15488,1280,C26E672A,0,1,1,4294967295,0,0
objLayer0Mask02,15360,896,9CB92D38,0,2,8,4294967295,0,0
objSwitchLayer0,15680,1280,979E3F01,0,18.2857142857143,2.6666666666667,4294967295,0,0
objHandle,15744,1024,F3B892CF,0,1,1,4294967295,0,1
objSwitchLayer1,15680,960,A13FAED8,0,9.1428571428571,2.6666666666667,4294967295,0,0
objLayer0Mask02,15360,768,A83EBE03,0,12,2,4294967295,0,0
objSwitchLayer0,15680,640,C583CF26,0,9.1428571428571,2.6666666666667,4294967295,0,0
objSwitchLayer1,15232,896,C9695429,0,9.1428571428571,10.6666666666667,4294967295,0,0
objDashRamp,16128,768,392607C1,0,1,1,4294967295,0,1
objEnemyBuzzer,15424,640,BE35152C,0,1,1,4294967295,0,0
objEnemyTurn,15360,640,B174B43A,0,1,1,4294967295,0,0
objEnemyTurn,15488,640,CE7E799A,0,1,1,4294967295,0,0
objSolidMask09,16000,1280,04937D2C,0,-1,1,4294967295,0,0
objSolidMask02,16000,896,64FE77D2,0,2,8,4294967295,0,0
objEnemyEggpawn,15488,749,D75C5568,0,1,1,4294967295,0,0
objEnemyTurn,15424,736,2B8B8B37,0,1,1,4294967295,0,0
objEnemyTurn,15648,736,D39F1013,0,1,1,4294967295,0,0
objRing,10720,1024,8C973842,0,1,1,4294967295,0,0
objRing,10752,1024,6128913D,0,1,1,4294967295,0,0
objRing,10784,1024,02FEB676,0,1,1,4294967295,0,0
objRing,10944,1024,C23D3791,0,1,1,4294967295,0,0
objRing,10976,1024,FA3187A8,0,1,1,4294967295,0,0
objRing,11008,1024,D37EC19D,0,1,1,4294967295,0,0
objRing,11040,1024,10CD7FA7,0,1,1,4294967295,0,0
objRing,11072,1024,CEF9E0EC,0,1,1,4294967295,0,0
objRing,11104,1024,EBE279F7,0,1,1,4294967295,0,0
objRing,11168,1056,EAD402EF,0,1,1,4294967295,0,0
objRing,11200,1056,D12CEAD3,0,1,1,4294967295,0,0
objRing,11232,1056,40AF278B,0,1,1,4294967295,0,0
objLayer1Mask03,4864,1536,7BF53B84,0,1,-1,4294967295,0,0
objLayer0Mask03,5119,1535,7C9303D6,0,1,1,4294967295,180,0
objRing,416,512,23115F02,0,1,1,4294967295,0,0
objDashPad,8544,1088,B9EC7593,0,1,1,4294967295,0,0
objDashPad,9248,1088,DF2AD634,0,1,1,4294967295,0,0
objDashPad,9984,1088,98A62C68,0,1,1,4294967295,0,0
objDashPad,10400,1088,4396ABD1,0,1,1,4294967295,0,0
objDashPad,11584,1088,707B1BDE,0,1,1,4294967295,0,0
objDashPad,12256,1088,0656F08B,0,1,1,4294967295,0,0
objSpikeBallPivot,3968,256,52DFE90F,0,1,1,4294967295,0,1
objSpikeBallPivot,13888,3040,69F7FEFF,0,1,1,4294967295,0,1
objSpikeBallPivot,14272,3040,971D725F,0,1,1,4294967295,0,1
objCrane,2304,832,77E0945E,0,1,1,4294967295,0,0
objWalljumpSensor,3328,128,4A083FF3,0,64,320,4294967295,0,0
objWalljumpSensor,3136,0,3AFE92AA,0,64,384,4294967295,0,0
objCrane,15240,2399,5CF6E8DB,0,1,1,4294967295,0,0
objWalljumpSensor,3328,256,A8899E65,0,1,1,4294967295,0,0
objCrane,12786,639,535CA519,0,1,1,4294967295,0,0
objCrane,15744,768,34569D43,0,1,1,4294967295,0,0
objBox,2433,1601,77B8E5D0,0,1,1,4294967295,0,0
objBox,3072,1984,4A852132,0,1,1,4294967295,0,0
objRail02,4064,640,93E291E3,0,9,1,4294967295,0,0
objRail02,4640,640,111DE0AE,0,9.82334296,1,4294967295,345,0
objRail02,768,512,FA420855,0,4,1,4294967295,0,0
objRail02,5216,800,6ADC61C0,0,8,1,4294967295,0,0
objRail02,7296,480,D504118F,0,10,1,4294967295,0,0
objRail02,7981,546,4AB2972B,0,7,1,4294967295,270,0
objRail02,8021,1052,EDB25449,0,3.5625,0.75,4294967295,0,0
objRail02,8248,1052,0E165333,0,1,1,4294967295,29,0
objRail02,8544,896,C63AEB14,0,26,1,4294967295,0,0
objRail02,10208,896,4A2B2F10,0,2,1,4294967295,345,0
objBox,6656,576,FD82567C,0,1,1,4294967295,0,0
objBox,6656,640,CFF52180,0,1,1,4294967295,0,0
objRail02,10784,1920,B25FB731,0,3.5,1,4294967295,0,0
objRail02,10744,1987,3AC64DBF,0,5,1,4294967295,270,0
objRail02,10634,2366,6B93F799,0,1,1,4294967295,0,0
objRail02,4480,416,5B8D493C,0,5.5,1,4294967295,0,0
objRail02,4672,370,993155F0,0,5,1,4294967295,0,0
objRail02,4992,370,F1C6D277,0,7,1,4294967295,345,0
objRail02,5376,486,DDD5D645,0,2.5,1,4294967295,0,0
objRail02,8720,2080,7040EC4E,0,2.75,1,4294967295,0,0
objRail02,8680,2144,5F7A18C9,0,4,1,4294967295,270,0
objRail02,8720,2459,C6005E24,0,10,1,4294967295,0,0
objRail03,8025,992,3FE86FD2,0,-1,1,4294967295,0,0
objRail03,7930,546,FF2EE7B4,0,-1,1,4294967295,180,0
objRail03,8723,2146,91150BBA,0,1,1,4294967295,180,0
objRail03,8723,2399,15F1345E,0,1,-1,4294967295,180,0
objRail03,10694,2307,12DED880,0,1,1,4294967295,0,0
objRail03,10787,1986,792DAFDC,0,1,1,4294967295,180,0
objDashRail,4960,373,C40B2AA8,0,1,1,4294967295,0,0
objPushableBox,1664,1280,4148C2F5,0,1,1,4294967295,0,0
objBox,13056,1344,546C9479,0,1,1,4294967295,0,0
objBox,13120,1344,5A328F50,0,1,1,4294967295,0,0
objBox,13056,1472,AE488142,0,1,1,4294967295,0,0
objBox,13120,1472,C4244539,0,1,1,4294967295,0,0
objBox,12928,1344,6B15E784,0,1,1,4294967295,0,0
objBox,12928,1472,D6D61D64,0,1,1,4294967295,0,0
objBox,12992,1344,84E2A731,0,1,1,4294967295,0,0
objBox,12992,1472,AA3005B3,0,1,1,4294967295,0,0
objBox,13056,1088,FCA26CD5,0,1,1,4294967295,0,0
objBox,13120,1088,BBE452DC,0,1,1,4294967295,0,0
objBox,13056,1216,6194E3C5,0,1,1,4294967295,0,0
objBox,13120,1216,F856E41F,0,1,1,4294967295,0,0
objBox,12928,1088,6EA847BD,0,1,1,4294967295,0,0
objBox,12928,1216,3B23425C,0,1,1,4294967295,0,0
objBox,12992,1088,D9D0A2A4,0,1,1,4294967295,0,0
objBox,12992,1216,B1AE8383,0,1,1,4294967295,0,0
objBox,13056,832,B387E94E,0,1,1,4294967295,0,0
objBox,13120,832,9477547F,0,1,1,4294967295,0,0
objBox,13056,960,CB374D97,0,1,1,4294967295,0,0
objBox,13120,960,0CF03FBD,0,1,1,4294967295,0,0
objBox,12928,832,6CEF4688,0,1,1,4294967295,0,0
objBox,12928,960,BB1594F6,0,1,1,4294967295,0,0
objBox,12992,832,0CFD47A0,0,1,1,4294967295,0,0
objBox,12992,960,CDF23F21,0,1,1,4294967295,0,0
objWater,1920,1280,79A6FCD9,0,3,4,4294967295,0,1
objWater,2688,1664,29A1807C,0,0.5,1,4294967295,0,1
objWaterfall,1408,896,B9FC68FB,0,3.5,44,4294967295,0,0
objWaterfall,2272,-128,D3AEC066,0,3.5,44,4294967295,0,0
objWaterfall,14208,0,B0D923BE,0,3.5,100,4294967295,0,0
objWaterfall,14592,0,E37A3D51,0,3.5,100,4294967295,0,0
objWaterfall,14976,0,FEF7C2D3,0,3.5,100,4294967295,0,0
objWaterHorizon,1920,1284,000A1ACF,0,3,1,4294967295,0,0
objWaterHorizon,2688,1679,92904666,0,0.5,1,4294967295,0,0
objDarkRegion,1168,880,CA547202,0,1,1,4294967295,0,0
objDarkRegion,1328,864,95E71ED8,0,1,1,4294967295,0,0
objDarkRegion,640,896,055DE182,0,640,256,1358954495,0,0
objDarkRegion,1440,320,9CAFD190,0,1,1,4294967295,0,0
objDarkRegion,1536,720,D80450CF,0,1,1,4294967295,0,0
objDarkRegion,1536,704,03D9CD0A,0,1,1,4294967295,0,0
objLightRay,1920,1280,3BA5B34B,0,1.5,0.5,2028042496,0,0
objRingSpecial,3104,2080,672FA0DD,0,1,1,4294967295,0,0
objRingSpecial,4992,1280,F9494DDD,0,1,1,4294967295,0,0
objRingSpecial,896,992,04D28A37,0,1,1,4294967295,0,0
objRingSpecial,17536,2208,19712A33,0,1,1,4294967295,0,0
objRingSpecial,7968,1792,B252C3B1,0,1,1,4294967295,0,0
